# BEGIN PLOT
LegendOnly=//Users/zhupengxuan/Buding/mRC-variables/Code/bkgww350.yoda/CEPC_SMUON/hist_mll //Users/zhupengxuan/Buding/mRC-variables/Code/bkgww240.yoda/CEPC_SMUON/hist_mll
XLabel=$m_{\ell \ell}$ [GeV]
YLabel=Events / 5 GeV
DrawOnly=//Users/zhupengxuan/Buding/mRC-variables/Code/bkgww350.yoda/CEPC_SMUON/hist_mll[Weight_MERGING=0.000] //Users/zhupengxuan/Buding/mRC-variables/Code/bkgww240.yoda/CEPC_SMUON/hist_mll[Weight_MERGING=0.000] //Users/zhupengxuan/Buding/mRC-variables/Code/bkgww350.yoda/CEPC_SMUON/hist_mll //Users/zhupengxuan/Buding/mRC-variables/Code/bkgww240.yoda/CEPC_SMUON/hist_mll
RatioPlot=0
Legend=1
LogY=0
# END PLOT

# BEGIN HISTO1D //Users/zhupengxuan/Buding/mRC-variables/Code/bkgww350.yoda/CEPC_SMUON/hist_mll[Weight_MERGING=0.000]
LineColor=red!30
LineStyle=solid
Path=//Users/zhupengxuan/Buding/mRC-variables/Code/bkgww350.yoda/CEPC_SMUON/hist_mll[Weight_MERGING=0.000]
ScaledBy=1.00000000000000000e+00
Title=bkgww350
# xlow	 xhigh	 val	 errminus	 errplus
0.000000e+00	1.000000e+00	0.000000e+00	0.000000e+00	0.000000e+00
1.000000e+00	2.000000e+00	0.000000e+00	0.000000e+00	0.000000e+00
2.000000e+00	3.000000e+00	0.000000e+00	0.000000e+00	0.000000e+00
3.000000e+00	4.000000e+00	0.000000e+00	0.000000e+00	0.000000e+00
4.000000e+00	5.000000e+00	1.215799e-05	1.215799e-05	1.215799e-05
5.000000e+00	6.000000e+00	0.000000e+00	0.000000e+00	0.000000e+00
6.000000e+00	7.000000e+00	1.215799e-05	1.215799e-05	1.215799e-05
7.000000e+00	8.000000e+00	2.431597e-05	1.719399e-05	1.719399e-05
8.000000e+00	9.000000e+00	2.431597e-05	1.719399e-05	1.719399e-05
9.000000e+00	1.000000e+01	0.000000e+00	0.000000e+00	0.000000e+00
1.000000e+01	1.100000e+01	0.000000e+00	0.000000e+00	0.000000e+00
1.100000e+01	1.200000e+01	0.000000e+00	0.000000e+00	0.000000e+00
1.200000e+01	1.300000e+01	0.000000e+00	0.000000e+00	0.000000e+00
1.300000e+01	1.400000e+01	1.215799e-05	1.215799e-05	1.215799e-05
1.400000e+01	1.500000e+01	2.431597e-05	1.719399e-05	1.719399e-05
1.500000e+01	1.600000e+01	1.215799e-05	1.215799e-05	1.215799e-05
1.600000e+01	1.700000e+01	2.431597e-05	1.719399e-05	1.719399e-05
1.700000e+01	1.800000e+01	3.647396e-05	2.105825e-05	2.105825e-05
1.800000e+01	1.900000e+01	1.215799e-05	1.215799e-05	1.215799e-05
1.900000e+01	2.000000e+01	1.215799e-05	1.215799e-05	1.215799e-05
2.000000e+01	2.100000e+01	1.215799e-05	1.215799e-05	1.215799e-05
2.100000e+01	2.200000e+01	4.863194e-05	2.431597e-05	2.431597e-05
2.200000e+01	2.300000e+01	0.000000e+00	0.000000e+00	0.000000e+00
2.300000e+01	2.400000e+01	2.431597e-05	1.719399e-05	1.719399e-05
2.400000e+01	2.500000e+01	4.863194e-05	2.431597e-05	2.431597e-05
2.500000e+01	2.600000e+01	2.431597e-05	1.719399e-05	1.719399e-05
2.600000e+01	2.700000e+01	7.294791e-05	2.978086e-05	2.978086e-05
2.700000e+01	2.800000e+01	3.647396e-05	2.105825e-05	2.105825e-05
2.800000e+01	2.900000e+01	3.647396e-05	2.105825e-05	2.105825e-05
2.900000e+01	3.000000e+01	1.215799e-05	1.215799e-05	1.215799e-05
3.000000e+01	3.100000e+01	4.863194e-05	2.431597e-05	2.431597e-05
3.100000e+01	3.200000e+01	2.431597e-05	1.719399e-05	1.719399e-05
3.200000e+01	3.300000e+01	7.294791e-05	2.978086e-05	2.978086e-05
3.300000e+01	3.400000e+01	6.078993e-05	2.718608e-05	2.718608e-05
3.400000e+01	3.500000e+01	6.078993e-05	2.718608e-05	2.718608e-05
3.500000e+01	3.600000e+01	3.647396e-05	2.105825e-05	2.105825e-05
3.600000e+01	3.700000e+01	7.294791e-05	2.978086e-05	2.978086e-05
3.700000e+01	3.800000e+01	4.863194e-05	2.431597e-05	2.431597e-05
3.800000e+01	3.900000e+01	6.078993e-05	2.718608e-05	2.718608e-05
3.900000e+01	4.000000e+01	1.215799e-05	1.215799e-05	1.215799e-05
4.000000e+01	4.100000e+01	7.294791e-05	2.978086e-05	2.978086e-05
4.100000e+01	4.200000e+01	6.078993e-05	2.718608e-05	2.718608e-05
4.200000e+01	4.300000e+01	4.863194e-05	2.431597e-05	2.431597e-05
4.300000e+01	4.400000e+01	7.294791e-05	2.978086e-05	2.978086e-05
4.400000e+01	4.500000e+01	6.078993e-05	2.718608e-05	2.718608e-05
4.500000e+01	4.600000e+01	6.078993e-05	2.718608e-05	2.718608e-05
4.600000e+01	4.700000e+01	8.510590e-05	3.216700e-05	3.216700e-05
4.700000e+01	4.800000e+01	4.863194e-05	2.431597e-05	2.431597e-05
4.800000e+01	4.900000e+01	4.863194e-05	2.431597e-05	2.431597e-05
4.900000e+01	5.000000e+01	7.294791e-05	2.978086e-05	2.978086e-05
5.000000e+01	5.100000e+01	4.863194e-05	2.431597e-05	2.431597e-05
5.100000e+01	5.200000e+01	2.431597e-05	1.719399e-05	1.719399e-05
5.200000e+01	5.300000e+01	1.215799e-04	3.844692e-05	3.844692e-05
5.300000e+01	5.400000e+01	6.078993e-05	2.718608e-05	2.718608e-05
5.400000e+01	5.500000e+01	1.337378e-04	4.032348e-05	4.032348e-05
5.500000e+01	5.600000e+01	8.510590e-05	3.216700e-05	3.216700e-05
5.600000e+01	5.700000e+01	4.863194e-05	2.431597e-05	2.431597e-05
5.700000e+01	5.800000e+01	1.215799e-04	3.844692e-05	3.844692e-05
5.800000e+01	5.900000e+01	6.078993e-05	2.718608e-05	2.718608e-05
5.900000e+01	6.000000e+01	1.337378e-04	4.032348e-05	4.032348e-05
6.000000e+01	6.100000e+01	1.337378e-04	4.032348e-05	4.032348e-05
6.100000e+01	6.200000e+01	8.510590e-05	3.216700e-05	3.216700e-05
6.200000e+01	6.300000e+01	7.294791e-05	2.978086e-05	2.978086e-05
6.300000e+01	6.400000e+01	8.510590e-05	3.216700e-05	3.216700e-05
6.400000e+01	6.500000e+01	4.863194e-05	2.431597e-05	2.431597e-05
6.500000e+01	6.600000e+01	1.215799e-04	3.844692e-05	3.844692e-05
6.600000e+01	6.700000e+01	9.726388e-05	3.438798e-05	3.438798e-05
6.700000e+01	6.800000e+01	4.863194e-05	2.431597e-05	2.431597e-05
6.800000e+01	6.900000e+01	1.458958e-04	4.211649e-05	4.211649e-05
6.900000e+01	7.000000e+01	1.215799e-04	3.844692e-05	3.844692e-05
7.000000e+01	7.100000e+01	6.078993e-05	2.718608e-05	2.718608e-05
7.100000e+01	7.200000e+01	9.726388e-05	3.438798e-05	3.438798e-05
7.200000e+01	7.300000e+01	7.294791e-05	2.978086e-05	2.978086e-05
7.300000e+01	7.400000e+01	6.078993e-05	2.718608e-05	2.718608e-05
7.400000e+01	7.500000e+01	3.647396e-05	2.105825e-05	2.105825e-05
7.500000e+01	7.600000e+01	9.726388e-05	3.438798e-05	3.438798e-05
7.600000e+01	7.700000e+01	6.078993e-05	2.718608e-05	2.718608e-05
7.700000e+01	7.800000e+01	1.337378e-04	4.032348e-05	4.032348e-05
7.800000e+01	7.900000e+01	1.094219e-04	3.647395e-05	3.647395e-05
7.900000e+01	8.000000e+01	1.094219e-04	3.647395e-05	3.647395e-05
8.000000e+01	8.100000e+01	1.458958e-04	4.211649e-05	4.211649e-05
8.100000e+01	8.200000e+01	6.078993e-05	2.718608e-05	2.718608e-05
8.200000e+01	8.300000e+01	1.094219e-04	3.647395e-05	3.647395e-05
8.300000e+01	8.400000e+01	1.215799e-04	3.844692e-05	3.844692e-05
8.400000e+01	8.500000e+01	1.215799e-04	3.844692e-05	3.844692e-05
8.500000e+01	8.600000e+01	6.078993e-05	2.718608e-05	2.718608e-05
8.600000e+01	8.700000e+01	7.294791e-05	2.978086e-05	2.978086e-05
8.700000e+01	8.800000e+01	1.215799e-04	3.844692e-05	3.844692e-05
8.800000e+01	8.900000e+01	1.337378e-04	4.032348e-05	4.032348e-05
8.900000e+01	9.000000e+01	9.726388e-05	3.438798e-05	3.438798e-05
9.000000e+01	9.100000e+01	1.458958e-04	4.211649e-05	4.211649e-05
9.100000e+01	9.200000e+01	9.726388e-05	3.438798e-05	3.438798e-05
9.200000e+01	9.300000e+01	9.726388e-05	3.438798e-05	3.438798e-05
9.300000e+01	9.400000e+01	1.215799e-04	3.844692e-05	3.844692e-05
9.400000e+01	9.500000e+01	1.337378e-04	4.032348e-05	4.032348e-05
9.500000e+01	9.600000e+01	9.726388e-05	3.438798e-05	3.438798e-05
9.600000e+01	9.700000e+01	8.510590e-05	3.216700e-05	3.216700e-05
9.700000e+01	9.800000e+01	1.215799e-04	3.844692e-05	3.844692e-05
9.800000e+01	9.900000e+01	7.294791e-05	2.978086e-05	2.978086e-05
9.900000e+01	1.000000e+02	7.294791e-05	2.978086e-05	2.978086e-05
1.000000e+02	1.010000e+02	1.580538e-04	4.383624e-05	4.383624e-05
1.010000e+02	1.020000e+02	1.823698e-04	4.708767e-05	4.708767e-05
1.020000e+02	1.030000e+02	1.337378e-04	4.032348e-05	4.032348e-05
1.030000e+02	1.040000e+02	1.215799e-04	3.844692e-05	3.844692e-05
1.040000e+02	1.050000e+02	4.863194e-05	2.431597e-05	2.431597e-05
1.050000e+02	1.060000e+02	1.702118e-04	4.549101e-05	4.549101e-05
1.060000e+02	1.070000e+02	1.458958e-04	4.211649e-05	4.211649e-05
1.070000e+02	1.080000e+02	1.337378e-04	4.032348e-05	4.032348e-05
1.080000e+02	1.090000e+02	1.458958e-04	4.211649e-05	4.211649e-05
1.090000e+02	1.100000e+02	1.823698e-04	4.708767e-05	4.708767e-05
1.100000e+02	1.110000e+02	7.294791e-05	2.978086e-05	2.978086e-05
1.110000e+02	1.120000e+02	1.580538e-04	4.383624e-05	4.383624e-05
1.120000e+02	1.130000e+02	2.431597e-04	5.437216e-05	5.437216e-05
1.130000e+02	1.140000e+02	1.337378e-04	4.032348e-05	4.032348e-05
1.140000e+02	1.150000e+02	1.215799e-04	3.844692e-05	3.844692e-05
1.150000e+02	1.160000e+02	1.702118e-04	4.549101e-05	4.549101e-05
1.160000e+02	1.170000e+02	1.945278e-04	4.863194e-05	4.863194e-05
1.170000e+02	1.180000e+02	1.945278e-04	4.863194e-05	4.863194e-05
1.180000e+02	1.190000e+02	1.823698e-04	4.708767e-05	4.708767e-05
1.190000e+02	1.200000e+02	1.702118e-04	4.549101e-05	4.549101e-05
1.200000e+02	1.210000e+02	1.702118e-04	4.549101e-05	4.549101e-05
1.210000e+02	1.220000e+02	1.580538e-04	4.383624e-05	4.383624e-05
1.220000e+02	1.230000e+02	1.337378e-04	4.032348e-05	4.032348e-05
1.230000e+02	1.240000e+02	2.310017e-04	5.299542e-05	5.299542e-05
1.240000e+02	1.250000e+02	2.066857e-04	5.012865e-05	5.012865e-05
1.250000e+02	1.260000e+02	1.945278e-04	4.863194e-05	4.863194e-05
1.260000e+02	1.270000e+02	2.310017e-04	5.299542e-05	5.299542e-05
1.270000e+02	1.280000e+02	1.823698e-04	4.708767e-05	4.708767e-05
1.280000e+02	1.290000e+02	1.823698e-04	4.708767e-05	4.708767e-05
1.290000e+02	1.300000e+02	1.702118e-04	4.549101e-05	4.549101e-05
1.300000e+02	1.310000e+02	1.215799e-04	3.844692e-05	3.844692e-05
1.310000e+02	1.320000e+02	2.188437e-04	5.158196e-05	5.158196e-05
1.320000e+02	1.330000e+02	1.580538e-04	4.383624e-05	4.383624e-05
1.330000e+02	1.340000e+02	2.188437e-04	5.158196e-05	5.158196e-05
1.340000e+02	1.350000e+02	2.674757e-04	5.702600e-05	5.702600e-05
1.350000e+02	1.360000e+02	1.945278e-04	4.863194e-05	4.863194e-05
1.360000e+02	1.370000e+02	1.945278e-04	4.863194e-05	4.863194e-05
1.370000e+02	1.380000e+02	2.431597e-04	5.437216e-05	5.437216e-05
1.380000e+02	1.390000e+02	1.702118e-04	4.549101e-05	4.549101e-05
1.390000e+02	1.400000e+02	2.066857e-04	5.012865e-05	5.012865e-05
1.400000e+02	1.410000e+02	2.310017e-04	5.299542e-05	5.299542e-05
1.410000e+02	1.420000e+02	2.796337e-04	5.830765e-05	5.830765e-05
1.420000e+02	1.430000e+02	3.161076e-04	6.199381e-05	6.199381e-05
1.430000e+02	1.440000e+02	2.796337e-04	5.830765e-05	5.830765e-05
1.440000e+02	1.450000e+02	2.431597e-04	5.437216e-05	5.437216e-05
1.450000e+02	1.460000e+02	3.282656e-04	6.317474e-05	6.317474e-05
1.460000e+02	1.470000e+02	2.310017e-04	5.299542e-05	5.299542e-05
1.470000e+02	1.480000e+02	2.553177e-04	5.571489e-05	5.571489e-05
1.480000e+02	1.490000e+02	3.161076e-04	6.199381e-05	6.199381e-05
1.490000e+02	1.500000e+02	2.674757e-04	5.702600e-05	5.702600e-05
1.500000e+02	1.510000e+02	3.039496e-04	6.078993e-05	6.078993e-05
1.510000e+02	1.520000e+02	3.768975e-04	6.769280e-05	6.769280e-05
1.520000e+02	1.530000e+02	2.066857e-04	5.012865e-05	5.012865e-05
1.530000e+02	1.540000e+02	3.525816e-04	6.547275e-05	6.547275e-05
1.540000e+02	1.550000e+02	2.188437e-04	5.158196e-05	5.158196e-05
1.550000e+02	1.560000e+02	3.647396e-04	6.659203e-05	6.659203e-05
1.560000e+02	1.570000e+02	2.674757e-04	5.702600e-05	5.702600e-05
1.570000e+02	1.580000e+02	2.917916e-04	5.956172e-05	5.956172e-05
1.580000e+02	1.590000e+02	2.553177e-04	5.571489e-05	5.571489e-05
1.590000e+02	1.600000e+02	4.012135e-04	6.984231e-05	6.984231e-05
1.600000e+02	1.610000e+02	3.404236e-04	6.433401e-05	6.433401e-05
1.610000e+02	1.620000e+02	3.161076e-04	6.199381e-05	6.199381e-05
1.620000e+02	1.630000e+02	2.796337e-04	5.830765e-05	5.830765e-05
1.630000e+02	1.640000e+02	3.768975e-04	6.769280e-05	6.769280e-05
1.640000e+02	1.650000e+02	4.498454e-04	7.395413e-05	7.395413e-05
1.650000e+02	1.660000e+02	3.647396e-04	6.659203e-05	6.659203e-05
1.660000e+02	1.670000e+02	2.917916e-04	5.956172e-05	5.956172e-05
1.670000e+02	1.680000e+02	3.282656e-04	6.317474e-05	6.317474e-05
1.680000e+02	1.690000e+02	3.647396e-04	6.659203e-05	6.659203e-05
1.690000e+02	1.700000e+02	4.741614e-04	7.592659e-05	7.592659e-05
1.700000e+02	1.710000e+02	4.863194e-04	7.689385e-05	7.689385e-05
1.710000e+02	1.720000e+02	4.620034e-04	7.494685e-05	7.494685e-05
1.720000e+02	1.730000e+02	3.525816e-04	6.547275e-05	6.547275e-05
1.730000e+02	1.740000e+02	4.012135e-04	6.984231e-05	6.984231e-05
1.740000e+02	1.750000e+02	3.404236e-04	6.433401e-05	6.433401e-05
1.750000e+02	1.760000e+02	5.106354e-04	7.879275e-05	7.879275e-05
1.760000e+02	1.770000e+02	4.133715e-04	7.089262e-05	7.089262e-05
1.770000e+02	1.780000e+02	2.796337e-04	5.830765e-05	5.830765e-05
1.780000e+02	1.790000e+02	3.768975e-04	6.769280e-05	6.769280e-05
1.790000e+02	1.800000e+02	4.863194e-04	7.689385e-05	7.689385e-05
1.800000e+02	1.810000e+02	3.768975e-04	6.769280e-05	6.769280e-05
1.810000e+02	1.820000e+02	4.741614e-04	7.592659e-05	7.592659e-05
1.820000e+02	1.830000e+02	3.525816e-04	6.547275e-05	6.547275e-05
1.830000e+02	1.840000e+02	5.227934e-04	7.972524e-05	7.972524e-05
1.840000e+02	1.850000e+02	4.620034e-04	7.494685e-05	7.494685e-05
1.850000e+02	1.860000e+02	3.890555e-04	6.877595e-05	6.877595e-05
1.860000e+02	1.870000e+02	3.890555e-04	6.877595e-05	6.877595e-05
1.870000e+02	1.880000e+02	3.768975e-04	6.769280e-05	6.769280e-05
1.880000e+02	1.890000e+02	5.106354e-04	7.879275e-05	7.879275e-05
1.890000e+02	1.900000e+02	4.255295e-04	7.192761e-05	7.192761e-05
1.900000e+02	1.910000e+02	3.890555e-04	6.877595e-05	6.877595e-05
1.910000e+02	1.920000e+02	5.227934e-04	7.972524e-05	7.972524e-05
1.920000e+02	1.930000e+02	5.349513e-04	8.064695e-05	8.064695e-05
1.930000e+02	1.940000e+02	5.227934e-04	7.972524e-05	7.972524e-05
1.940000e+02	1.950000e+02	4.133715e-04	7.089262e-05	7.089262e-05
1.950000e+02	1.960000e+02	3.647396e-04	6.659203e-05	6.659203e-05
1.960000e+02	1.970000e+02	4.498454e-04	7.395413e-05	7.395413e-05
1.970000e+02	1.980000e+02	5.714253e-04	8.335094e-05	8.335094e-05
1.980000e+02	1.990000e+02	5.349513e-04	8.064695e-05	8.064695e-05
1.990000e+02	2.000000e+02	4.376875e-04	7.294791e-05	7.294791e-05
2.000000e+02	2.010000e+02	4.376875e-04	7.294791e-05	7.294791e-05
2.010000e+02	2.020000e+02	5.714253e-04	8.335094e-05	8.335094e-05
2.020000e+02	2.030000e+02	4.863194e-04	7.689385e-05	7.689385e-05
2.030000e+02	2.040000e+02	7.294791e-04	9.417535e-05	9.417535e-05
2.040000e+02	2.050000e+02	4.498454e-04	7.395413e-05	7.395413e-05
2.050000e+02	2.060000e+02	5.227934e-04	7.972524e-05	7.972524e-05
2.060000e+02	2.070000e+02	5.227934e-04	7.972524e-05	7.972524e-05
2.070000e+02	2.080000e+02	5.714253e-04	8.335094e-05	8.335094e-05
2.080000e+02	2.090000e+02	4.498454e-04	7.395413e-05	7.395413e-05
2.090000e+02	2.100000e+02	6.565312e-04	8.934258e-05	8.934258e-05
2.100000e+02	2.110000e+02	5.957413e-04	8.510589e-05	8.510589e-05
2.110000e+02	2.120000e+02	5.227934e-04	7.972524e-05	7.972524e-05
2.120000e+02	2.130000e+02	5.106354e-04	7.879275e-05	7.879275e-05
2.130000e+02	2.140000e+02	7.416371e-04	9.495690e-05	9.495690e-05
2.140000e+02	2.150000e+02	6.565312e-04	8.934258e-05	8.934258e-05
2.150000e+02	2.160000e+02	7.537951e-04	9.573207e-05	9.573207e-05
2.160000e+02	2.170000e+02	5.957413e-04	8.510589e-05	8.510589e-05
2.170000e+02	2.180000e+02	5.106354e-04	7.879275e-05	7.879275e-05
2.180000e+02	2.190000e+02	6.078993e-04	8.596994e-05	8.596994e-05
2.190000e+02	2.200000e+02	5.592673e-04	8.245947e-05	8.245947e-05
2.200000e+02	2.210000e+02	7.051631e-04	9.259246e-05	9.259246e-05
2.210000e+02	2.220000e+02	6.443732e-04	8.851147e-05	8.851147e-05
2.220000e+02	2.230000e+02	6.443732e-04	8.851147e-05	8.851147e-05
2.230000e+02	2.240000e+02	7.537951e-04	9.573207e-05	9.573207e-05
2.240000e+02	2.250000e+02	6.078993e-04	8.596994e-05	8.596994e-05
2.250000e+02	2.260000e+02	7.537951e-04	9.573207e-05	9.573207e-05
2.260000e+02	2.270000e+02	6.078993e-04	8.596994e-05	8.596994e-05
2.270000e+02	2.280000e+02	5.349513e-04	8.064695e-05	8.064695e-05
2.280000e+02	2.290000e+02	6.443732e-04	8.851147e-05	8.851147e-05
2.290000e+02	2.300000e+02	6.808472e-04	9.098203e-05	9.098203e-05
2.300000e+02	2.310000e+02	6.078993e-04	8.596994e-05	8.596994e-05
2.310000e+02	2.320000e+02	5.106354e-04	7.879275e-05	7.879275e-05
2.320000e+02	2.330000e+02	6.322152e-04	8.767248e-05	8.767248e-05
2.330000e+02	2.340000e+02	6.686892e-04	9.016603e-05	9.016603e-05
2.340000e+02	2.350000e+02	5.471093e-04	8.155824e-05	8.155824e-05
2.350000e+02	2.360000e+02	8.024270e-04	9.877194e-05	9.877194e-05
2.360000e+02	2.370000e+02	7.781110e-04	9.726388e-05	9.726388e-05
2.370000e+02	2.380000e+02	8.024270e-04	9.877194e-05	9.877194e-05
2.380000e+02	2.390000e+02	8.145850e-04	9.951740e-05	9.951740e-05
2.390000e+02	2.400000e+02	5.835833e-04	8.423299e-05	8.423299e-05
2.400000e+02	2.410000e+02	5.471093e-04	8.155824e-05	8.155824e-05
2.410000e+02	2.420000e+02	9.847968e-04	1.094218e-04	1.094218e-04
2.420000e+02	2.430000e+02	6.443732e-04	8.851147e-05	8.851147e-05
2.430000e+02	2.440000e+02	6.443732e-04	8.851147e-05	8.851147e-05
2.440000e+02	2.450000e+02	5.714253e-04	8.335094e-05	8.335094e-05
2.450000e+02	2.460000e+02	7.902690e-04	9.802081e-05	9.802081e-05
2.460000e+02	2.470000e+02	7.416371e-04	9.495690e-05	9.495690e-05
2.470000e+02	2.480000e+02	7.051631e-04	9.259246e-05	9.259246e-05
2.480000e+02	2.490000e+02	7.537951e-04	9.573207e-05	9.573207e-05
2.490000e+02	2.500000e+02	7.416371e-04	9.495690e-05	9.495690e-05
2.500000e+02	2.510000e+02	8.753749e-04	1.031639e-04	1.031639e-04
2.510000e+02	2.520000e+02	9.240069e-04	1.059908e-04	1.059908e-04
2.520000e+02	2.530000e+02	7.416371e-04	9.495690e-05	9.495690e-05
2.530000e+02	2.540000e+02	7.902690e-04	9.802081e-05	9.802081e-05
2.540000e+02	2.550000e+02	6.078993e-04	8.596994e-05	8.596994e-05
2.550000e+02	2.560000e+02	7.416371e-04	9.495690e-05	9.495690e-05
2.560000e+02	2.570000e+02	6.686892e-04	9.016603e-05	9.016603e-05
2.570000e+02	2.580000e+02	8.389010e-04	1.009918e-04	1.009918e-04
2.580000e+02	2.590000e+02	7.902690e-04	9.802081e-05	9.802081e-05
2.590000e+02	2.600000e+02	8.145850e-04	9.951740e-05	9.951740e-05
2.600000e+02	2.610000e+02	8.996909e-04	1.045869e-04	1.045869e-04
2.610000e+02	2.620000e+02	8.024270e-04	9.877194e-05	9.877194e-05
2.620000e+02	2.630000e+02	8.389010e-04	1.009918e-04	1.009918e-04
2.630000e+02	2.640000e+02	7.416371e-04	9.495690e-05	9.495690e-05
2.640000e+02	2.650000e+02	6.808472e-04	9.098203e-05	9.098203e-05
2.650000e+02	2.660000e+02	7.416371e-04	9.495690e-05	9.495690e-05
2.660000e+02	2.670000e+02	8.632169e-04	1.024450e-04	1.024450e-04
2.670000e+02	2.680000e+02	7.051631e-04	9.259246e-05	9.259246e-05
2.680000e+02	2.690000e+02	6.322152e-04	8.767248e-05	8.767248e-05
2.690000e+02	2.700000e+02	7.659531e-04	9.650102e-05	9.650102e-05
2.700000e+02	2.710000e+02	6.443732e-04	8.851147e-05	8.851147e-05
2.710000e+02	2.720000e+02	9.240069e-04	1.059908e-04	1.059908e-04
2.720000e+02	2.730000e+02	7.416371e-04	9.495690e-05	9.495690e-05
2.730000e+02	2.740000e+02	6.078993e-04	8.596994e-05	8.596994e-05
2.740000e+02	2.750000e+02	7.781110e-04	9.726388e-05	9.726388e-05
2.750000e+02	2.760000e+02	7.781110e-04	9.726388e-05	9.726388e-05
2.760000e+02	2.770000e+02	8.632169e-04	1.024450e-04	1.024450e-04
2.770000e+02	2.780000e+02	7.051631e-04	9.259246e-05	9.259246e-05
2.780000e+02	2.790000e+02	7.051631e-04	9.259246e-05	9.259246e-05
2.790000e+02	2.800000e+02	8.145850e-04	9.951740e-05	9.951740e-05
2.800000e+02	2.810000e+02	6.686892e-04	9.016603e-05	9.016603e-05
2.810000e+02	2.820000e+02	9.240069e-04	1.059908e-04	1.059908e-04
2.820000e+02	2.830000e+02	6.686892e-04	9.016603e-05	9.016603e-05
2.830000e+02	2.840000e+02	6.686892e-04	9.016603e-05	9.016603e-05
2.840000e+02	2.850000e+02	5.471093e-04	8.155824e-05	8.155824e-05
2.850000e+02	2.860000e+02	6.930051e-04	9.179077e-05	9.179077e-05
2.860000e+02	2.870000e+02	7.173211e-04	9.338725e-05	9.338725e-05
2.870000e+02	2.880000e+02	5.106354e-04	7.879275e-05	7.879275e-05
2.880000e+02	2.890000e+02	6.078993e-04	8.596994e-05	8.596994e-05
2.890000e+02	2.900000e+02	6.443732e-04	8.851147e-05	8.851147e-05
2.900000e+02	2.910000e+02	5.227934e-04	7.972524e-05	7.972524e-05
2.910000e+02	2.920000e+02	7.173211e-04	9.338725e-05	9.338725e-05
2.920000e+02	2.930000e+02	5.957413e-04	8.510589e-05	8.510589e-05
2.930000e+02	2.940000e+02	6.443732e-04	8.851147e-05	8.851147e-05
2.940000e+02	2.950000e+02	5.349513e-04	8.064695e-05	8.064695e-05
2.950000e+02	2.960000e+02	6.200572e-04	8.682538e-05	8.682538e-05
2.960000e+02	2.970000e+02	6.322152e-04	8.767248e-05	8.767248e-05
2.970000e+02	2.980000e+02	6.443732e-04	8.851147e-05	8.851147e-05
2.980000e+02	2.990000e+02	4.984774e-04	7.784909e-05	7.784909e-05
2.990000e+02	3.000000e+02	4.741614e-04	7.592659e-05	7.592659e-05
3.000000e+02	3.010000e+02	6.808472e-04	9.098203e-05	9.098203e-05
3.010000e+02	3.020000e+02	4.620034e-04	7.494685e-05	7.494685e-05
3.020000e+02	3.030000e+02	6.200572e-04	8.682538e-05	8.682538e-05
3.030000e+02	3.040000e+02	3.768975e-04	6.769280e-05	6.769280e-05
3.040000e+02	3.050000e+02	4.863194e-04	7.689385e-05	7.689385e-05
3.050000e+02	3.060000e+02	4.620034e-04	7.494685e-05	7.494685e-05
3.060000e+02	3.070000e+02	5.227934e-04	7.972524e-05	7.972524e-05
3.070000e+02	3.080000e+02	6.200572e-04	8.682538e-05	8.682538e-05
3.080000e+02	3.090000e+02	4.133715e-04	7.089262e-05	7.089262e-05
3.090000e+02	3.100000e+02	3.647396e-04	6.659203e-05	6.659203e-05
3.100000e+02	3.110000e+02	3.525816e-04	6.547275e-05	6.547275e-05
3.110000e+02	3.120000e+02	4.741614e-04	7.592659e-05	7.592659e-05
3.120000e+02	3.130000e+02	4.133715e-04	7.089262e-05	7.089262e-05
3.130000e+02	3.140000e+02	3.890555e-04	6.877595e-05	6.877595e-05
3.140000e+02	3.150000e+02	4.376875e-04	7.294791e-05	7.294791e-05
3.150000e+02	3.160000e+02	3.161076e-04	6.199381e-05	6.199381e-05
3.160000e+02	3.170000e+02	3.039496e-04	6.078993e-05	6.078993e-05
3.170000e+02	3.180000e+02	3.039496e-04	6.078993e-05	6.078993e-05
3.180000e+02	3.190000e+02	3.768975e-04	6.769280e-05	6.769280e-05
3.190000e+02	3.200000e+02	3.039496e-04	6.078993e-05	6.078993e-05
3.200000e+02	3.210000e+02	2.066857e-04	5.012865e-05	5.012865e-05
3.210000e+02	3.220000e+02	1.945278e-04	4.863194e-05	4.863194e-05
3.220000e+02	3.230000e+02	1.094219e-04	3.647395e-05	3.647395e-05
3.230000e+02	3.240000e+02	1.458958e-04	4.211649e-05	4.211649e-05
3.240000e+02	3.250000e+02	1.094219e-04	3.647395e-05	3.647395e-05
3.250000e+02	3.260000e+02	9.726388e-05	3.438798e-05	3.438798e-05
3.260000e+02	3.270000e+02	9.726388e-05	3.438798e-05	3.438798e-05
3.270000e+02	3.280000e+02	3.647396e-05	2.105825e-05	2.105825e-05
3.280000e+02	3.290000e+02	6.078993e-05	2.718608e-05	2.718608e-05
3.290000e+02	3.300000e+02	4.863194e-05	2.431597e-05	2.431597e-05
3.300000e+02	3.310000e+02	0.000000e+00	0.000000e+00	0.000000e+00
3.310000e+02	3.320000e+02	1.215799e-05	1.215799e-05	1.215799e-05
3.320000e+02	3.330000e+02	1.215799e-05	1.215799e-05	1.215799e-05
3.330000e+02	3.340000e+02	0.000000e+00	0.000000e+00	0.000000e+00
3.340000e+02	3.350000e+02	0.000000e+00	0.000000e+00	0.000000e+00
3.350000e+02	3.360000e+02	0.000000e+00	0.000000e+00	0.000000e+00
3.360000e+02	3.370000e+02	0.000000e+00	0.000000e+00	0.000000e+00
3.370000e+02	3.380000e+02	0.000000e+00	0.000000e+00	0.000000e+00
3.380000e+02	3.390000e+02	0.000000e+00	0.000000e+00	0.000000e+00
3.390000e+02	3.400000e+02	0.000000e+00	0.000000e+00	0.000000e+00
3.400000e+02	3.410000e+02	0.000000e+00	0.000000e+00	0.000000e+00
3.410000e+02	3.420000e+02	0.000000e+00	0.000000e+00	0.000000e+00
3.420000e+02	3.430000e+02	0.000000e+00	0.000000e+00	0.000000e+00
3.430000e+02	3.440000e+02	0.000000e+00	0.000000e+00	0.000000e+00
3.440000e+02	3.450000e+02	0.000000e+00	0.000000e+00	0.000000e+00
3.450000e+02	3.460000e+02	0.000000e+00	0.000000e+00	0.000000e+00
3.460000e+02	3.470000e+02	0.000000e+00	0.000000e+00	0.000000e+00
3.470000e+02	3.480000e+02	0.000000e+00	0.000000e+00	0.000000e+00
3.480000e+02	3.490000e+02	0.000000e+00	0.000000e+00	0.000000e+00
3.490000e+02	3.500000e+02	0.000000e+00	0.000000e+00	0.000000e+00
# END HISTO1D


# BEGIN HISTO1D //Users/zhupengxuan/Buding/mRC-variables/Code/bkgww350.yoda/CEPC_SMUON/hist_mll
LineColor=red
LineStyle=solid
Path=//Users/zhupengxuan/Buding/mRC-variables/Code/bkgww350.yoda/CEPC_SMUON/hist_mll
ScaledBy=1.00000000000000000e+00
Title=bkgww350
# xlow	 xhigh	 val	 errminus	 errplus
0.000000e+00	1.000000e+00	0.000000e+00	0.000000e+00	0.000000e+00
1.000000e+00	2.000000e+00	0.000000e+00	0.000000e+00	0.000000e+00
2.000000e+00	3.000000e+00	0.000000e+00	0.000000e+00	0.000000e+00
3.000000e+00	4.000000e+00	0.000000e+00	0.000000e+00	0.000000e+00
4.000000e+00	5.000000e+00	1.215799e-01	1.215799e-01	1.215799e-01
5.000000e+00	6.000000e+00	0.000000e+00	0.000000e+00	0.000000e+00
6.000000e+00	7.000000e+00	1.215799e-01	1.215799e-01	1.215799e-01
7.000000e+00	8.000000e+00	2.431597e-01	1.719399e-01	1.719399e-01
8.000000e+00	9.000000e+00	2.431597e-01	1.719399e-01	1.719399e-01
9.000000e+00	1.000000e+01	0.000000e+00	0.000000e+00	0.000000e+00
1.000000e+01	1.100000e+01	0.000000e+00	0.000000e+00	0.000000e+00
1.100000e+01	1.200000e+01	0.000000e+00	0.000000e+00	0.000000e+00
1.200000e+01	1.300000e+01	0.000000e+00	0.000000e+00	0.000000e+00
1.300000e+01	1.400000e+01	1.215799e-01	1.215799e-01	1.215799e-01
1.400000e+01	1.500000e+01	2.431597e-01	1.719399e-01	1.719399e-01
1.500000e+01	1.600000e+01	1.215799e-01	1.215799e-01	1.215799e-01
1.600000e+01	1.700000e+01	2.431597e-01	1.719399e-01	1.719399e-01
1.700000e+01	1.800000e+01	3.647396e-01	2.105825e-01	2.105825e-01
1.800000e+01	1.900000e+01	1.215799e-01	1.215799e-01	1.215799e-01
1.900000e+01	2.000000e+01	1.215799e-01	1.215799e-01	1.215799e-01
2.000000e+01	2.100000e+01	1.215799e-01	1.215799e-01	1.215799e-01
2.100000e+01	2.200000e+01	4.863194e-01	2.431597e-01	2.431597e-01
2.200000e+01	2.300000e+01	0.000000e+00	0.000000e+00	0.000000e+00
2.300000e+01	2.400000e+01	2.431597e-01	1.719399e-01	1.719399e-01
2.400000e+01	2.500000e+01	4.863194e-01	2.431597e-01	2.431597e-01
2.500000e+01	2.600000e+01	2.431597e-01	1.719399e-01	1.719399e-01
2.600000e+01	2.700000e+01	7.294791e-01	2.978086e-01	2.978086e-01
2.700000e+01	2.800000e+01	3.647396e-01	2.105825e-01	2.105825e-01
2.800000e+01	2.900000e+01	3.647396e-01	2.105825e-01	2.105825e-01
2.900000e+01	3.000000e+01	1.215799e-01	1.215799e-01	1.215799e-01
3.000000e+01	3.100000e+01	4.863194e-01	2.431597e-01	2.431597e-01
3.100000e+01	3.200000e+01	2.431597e-01	1.719399e-01	1.719399e-01
3.200000e+01	3.300000e+01	7.294791e-01	2.978086e-01	2.978086e-01
3.300000e+01	3.400000e+01	6.078993e-01	2.718608e-01	2.718608e-01
3.400000e+01	3.500000e+01	6.078993e-01	2.718608e-01	2.718608e-01
3.500000e+01	3.600000e+01	3.647396e-01	2.105825e-01	2.105825e-01
3.600000e+01	3.700000e+01	7.294791e-01	2.978086e-01	2.978086e-01
3.700000e+01	3.800000e+01	4.863194e-01	2.431597e-01	2.431597e-01
3.800000e+01	3.900000e+01	6.078993e-01	2.718608e-01	2.718608e-01
3.900000e+01	4.000000e+01	1.215799e-01	1.215799e-01	1.215799e-01
4.000000e+01	4.100000e+01	7.294791e-01	2.978086e-01	2.978086e-01
4.100000e+01	4.200000e+01	6.078993e-01	2.718608e-01	2.718608e-01
4.200000e+01	4.300000e+01	4.863194e-01	2.431597e-01	2.431597e-01
4.300000e+01	4.400000e+01	7.294791e-01	2.978086e-01	2.978086e-01
4.400000e+01	4.500000e+01	6.078993e-01	2.718608e-01	2.718608e-01
4.500000e+01	4.600000e+01	6.078993e-01	2.718608e-01	2.718608e-01
4.600000e+01	4.700000e+01	8.510590e-01	3.216700e-01	3.216700e-01
4.700000e+01	4.800000e+01	4.863194e-01	2.431597e-01	2.431597e-01
4.800000e+01	4.900000e+01	4.863194e-01	2.431597e-01	2.431597e-01
4.900000e+01	5.000000e+01	7.294791e-01	2.978086e-01	2.978086e-01
5.000000e+01	5.100000e+01	4.863194e-01	2.431597e-01	2.431597e-01
5.100000e+01	5.200000e+01	2.431597e-01	1.719399e-01	1.719399e-01
5.200000e+01	5.300000e+01	1.215799e+00	3.844692e-01	3.844692e-01
5.300000e+01	5.400000e+01	6.078993e-01	2.718608e-01	2.718608e-01
5.400000e+01	5.500000e+01	1.337378e+00	4.032348e-01	4.032348e-01
5.500000e+01	5.600000e+01	8.510590e-01	3.216700e-01	3.216700e-01
5.600000e+01	5.700000e+01	4.863194e-01	2.431597e-01	2.431597e-01
5.700000e+01	5.800000e+01	1.215799e+00	3.844692e-01	3.844692e-01
5.800000e+01	5.900000e+01	6.078993e-01	2.718608e-01	2.718608e-01
5.900000e+01	6.000000e+01	1.337378e+00	4.032348e-01	4.032348e-01
6.000000e+01	6.100000e+01	1.337378e+00	4.032348e-01	4.032348e-01
6.100000e+01	6.200000e+01	8.510590e-01	3.216700e-01	3.216700e-01
6.200000e+01	6.300000e+01	7.294791e-01	2.978086e-01	2.978086e-01
6.300000e+01	6.400000e+01	8.510590e-01	3.216700e-01	3.216700e-01
6.400000e+01	6.500000e+01	4.863194e-01	2.431597e-01	2.431597e-01
6.500000e+01	6.600000e+01	1.215799e+00	3.844692e-01	3.844692e-01
6.600000e+01	6.700000e+01	9.726388e-01	3.438798e-01	3.438798e-01
6.700000e+01	6.800000e+01	4.863194e-01	2.431597e-01	2.431597e-01
6.800000e+01	6.900000e+01	1.458958e+00	4.211649e-01	4.211649e-01
6.900000e+01	7.000000e+01	1.215799e+00	3.844692e-01	3.844692e-01
7.000000e+01	7.100000e+01	6.078993e-01	2.718608e-01	2.718608e-01
7.100000e+01	7.200000e+01	9.726388e-01	3.438798e-01	3.438798e-01
7.200000e+01	7.300000e+01	7.294791e-01	2.978086e-01	2.978086e-01
7.300000e+01	7.400000e+01	6.078993e-01	2.718608e-01	2.718608e-01
7.400000e+01	7.500000e+01	3.647396e-01	2.105825e-01	2.105825e-01
7.500000e+01	7.600000e+01	9.726388e-01	3.438798e-01	3.438798e-01
7.600000e+01	7.700000e+01	6.078993e-01	2.718608e-01	2.718608e-01
7.700000e+01	7.800000e+01	1.337378e+00	4.032348e-01	4.032348e-01
7.800000e+01	7.900000e+01	1.094219e+00	3.647395e-01	3.647395e-01
7.900000e+01	8.000000e+01	1.094219e+00	3.647395e-01	3.647395e-01
8.000000e+01	8.100000e+01	1.458958e+00	4.211649e-01	4.211649e-01
8.100000e+01	8.200000e+01	6.078993e-01	2.718608e-01	2.718608e-01
8.200000e+01	8.300000e+01	1.094219e+00	3.647395e-01	3.647395e-01
8.300000e+01	8.400000e+01	1.215799e+00	3.844692e-01	3.844692e-01
8.400000e+01	8.500000e+01	1.215799e+00	3.844692e-01	3.844692e-01
8.500000e+01	8.600000e+01	6.078993e-01	2.718608e-01	2.718608e-01
8.600000e+01	8.700000e+01	7.294791e-01	2.978086e-01	2.978086e-01
8.700000e+01	8.800000e+01	1.215799e+00	3.844692e-01	3.844692e-01
8.800000e+01	8.900000e+01	1.337378e+00	4.032348e-01	4.032348e-01
8.900000e+01	9.000000e+01	9.726388e-01	3.438798e-01	3.438798e-01
9.000000e+01	9.100000e+01	1.458958e+00	4.211649e-01	4.211649e-01
9.100000e+01	9.200000e+01	9.726388e-01	3.438798e-01	3.438798e-01
9.200000e+01	9.300000e+01	9.726388e-01	3.438798e-01	3.438798e-01
9.300000e+01	9.400000e+01	1.215799e+00	3.844692e-01	3.844692e-01
9.400000e+01	9.500000e+01	1.337378e+00	4.032348e-01	4.032348e-01
9.500000e+01	9.600000e+01	9.726388e-01	3.438798e-01	3.438798e-01
9.600000e+01	9.700000e+01	8.510590e-01	3.216700e-01	3.216700e-01
9.700000e+01	9.800000e+01	1.215799e+00	3.844692e-01	3.844692e-01
9.800000e+01	9.900000e+01	7.294791e-01	2.978086e-01	2.978086e-01
9.900000e+01	1.000000e+02	7.294791e-01	2.978086e-01	2.978086e-01
1.000000e+02	1.010000e+02	1.580538e+00	4.383624e-01	4.383624e-01
1.010000e+02	1.020000e+02	1.823698e+00	4.708767e-01	4.708767e-01
1.020000e+02	1.030000e+02	1.337378e+00	4.032348e-01	4.032348e-01
1.030000e+02	1.040000e+02	1.215799e+00	3.844692e-01	3.844692e-01
1.040000e+02	1.050000e+02	4.863194e-01	2.431597e-01	2.431597e-01
1.050000e+02	1.060000e+02	1.702118e+00	4.549101e-01	4.549101e-01
1.060000e+02	1.070000e+02	1.458958e+00	4.211649e-01	4.211649e-01
1.070000e+02	1.080000e+02	1.337378e+00	4.032348e-01	4.032348e-01
1.080000e+02	1.090000e+02	1.458958e+00	4.211649e-01	4.211649e-01
1.090000e+02	1.100000e+02	1.823698e+00	4.708767e-01	4.708767e-01
1.100000e+02	1.110000e+02	7.294791e-01	2.978086e-01	2.978086e-01
1.110000e+02	1.120000e+02	1.580538e+00	4.383624e-01	4.383624e-01
1.120000e+02	1.130000e+02	2.431597e+00	5.437216e-01	5.437216e-01
1.130000e+02	1.140000e+02	1.337378e+00	4.032348e-01	4.032348e-01
1.140000e+02	1.150000e+02	1.215799e+00	3.844692e-01	3.844692e-01
1.150000e+02	1.160000e+02	1.702118e+00	4.549101e-01	4.549101e-01
1.160000e+02	1.170000e+02	1.945278e+00	4.863194e-01	4.863194e-01
1.170000e+02	1.180000e+02	1.945278e+00	4.863194e-01	4.863194e-01
1.180000e+02	1.190000e+02	1.823698e+00	4.708767e-01	4.708767e-01
1.190000e+02	1.200000e+02	1.702118e+00	4.549101e-01	4.549101e-01
1.200000e+02	1.210000e+02	1.702118e+00	4.549101e-01	4.549101e-01
1.210000e+02	1.220000e+02	1.580538e+00	4.383624e-01	4.383624e-01
1.220000e+02	1.230000e+02	1.337378e+00	4.032348e-01	4.032348e-01
1.230000e+02	1.240000e+02	2.310017e+00	5.299542e-01	5.299542e-01
1.240000e+02	1.250000e+02	2.066857e+00	5.012865e-01	5.012865e-01
1.250000e+02	1.260000e+02	1.945278e+00	4.863194e-01	4.863194e-01
1.260000e+02	1.270000e+02	2.310017e+00	5.299542e-01	5.299542e-01
1.270000e+02	1.280000e+02	1.823698e+00	4.708767e-01	4.708767e-01
1.280000e+02	1.290000e+02	1.823698e+00	4.708767e-01	4.708767e-01
1.290000e+02	1.300000e+02	1.702118e+00	4.549101e-01	4.549101e-01
1.300000e+02	1.310000e+02	1.215799e+00	3.844692e-01	3.844692e-01
1.310000e+02	1.320000e+02	2.188437e+00	5.158196e-01	5.158196e-01
1.320000e+02	1.330000e+02	1.580538e+00	4.383624e-01	4.383624e-01
1.330000e+02	1.340000e+02	2.188437e+00	5.158196e-01	5.158196e-01
1.340000e+02	1.350000e+02	2.674757e+00	5.702600e-01	5.702600e-01
1.350000e+02	1.360000e+02	1.945278e+00	4.863194e-01	4.863194e-01
1.360000e+02	1.370000e+02	1.945278e+00	4.863194e-01	4.863194e-01
1.370000e+02	1.380000e+02	2.431597e+00	5.437216e-01	5.437216e-01
1.380000e+02	1.390000e+02	1.702118e+00	4.549101e-01	4.549101e-01
1.390000e+02	1.400000e+02	2.066857e+00	5.012865e-01	5.012865e-01
1.400000e+02	1.410000e+02	2.310017e+00	5.299542e-01	5.299542e-01
1.410000e+02	1.420000e+02	2.796337e+00	5.830765e-01	5.830765e-01
1.420000e+02	1.430000e+02	3.161076e+00	6.199381e-01	6.199381e-01
1.430000e+02	1.440000e+02	2.796337e+00	5.830765e-01	5.830765e-01
1.440000e+02	1.450000e+02	2.431597e+00	5.437216e-01	5.437216e-01
1.450000e+02	1.460000e+02	3.282656e+00	6.317474e-01	6.317474e-01
1.460000e+02	1.470000e+02	2.310017e+00	5.299542e-01	5.299542e-01
1.470000e+02	1.480000e+02	2.553177e+00	5.571489e-01	5.571489e-01
1.480000e+02	1.490000e+02	3.161076e+00	6.199381e-01	6.199381e-01
1.490000e+02	1.500000e+02	2.674757e+00	5.702600e-01	5.702600e-01
1.500000e+02	1.510000e+02	3.039496e+00	6.078993e-01	6.078993e-01
1.510000e+02	1.520000e+02	3.768975e+00	6.769280e-01	6.769280e-01
1.520000e+02	1.530000e+02	2.066857e+00	5.012865e-01	5.012865e-01
1.530000e+02	1.540000e+02	3.525816e+00	6.547275e-01	6.547275e-01
1.540000e+02	1.550000e+02	2.188437e+00	5.158196e-01	5.158196e-01
1.550000e+02	1.560000e+02	3.647395e+00	6.659203e-01	6.659203e-01
1.560000e+02	1.570000e+02	2.674757e+00	5.702600e-01	5.702600e-01
1.570000e+02	1.580000e+02	2.917916e+00	5.956172e-01	5.956172e-01
1.580000e+02	1.590000e+02	2.553177e+00	5.571489e-01	5.571489e-01
1.590000e+02	1.600000e+02	4.012135e+00	6.984231e-01	6.984231e-01
1.600000e+02	1.610000e+02	3.404236e+00	6.433401e-01	6.433401e-01
1.610000e+02	1.620000e+02	3.161076e+00	6.199381e-01	6.199381e-01
1.620000e+02	1.630000e+02	2.796337e+00	5.830765e-01	5.830765e-01
1.630000e+02	1.640000e+02	3.768975e+00	6.769280e-01	6.769280e-01
1.640000e+02	1.650000e+02	4.498454e+00	7.395413e-01	7.395413e-01
1.650000e+02	1.660000e+02	3.647395e+00	6.659203e-01	6.659203e-01
1.660000e+02	1.670000e+02	2.917916e+00	5.956172e-01	5.956172e-01
1.670000e+02	1.680000e+02	3.282656e+00	6.317474e-01	6.317474e-01
1.680000e+02	1.690000e+02	3.647395e+00	6.659203e-01	6.659203e-01
1.690000e+02	1.700000e+02	4.741614e+00	7.592659e-01	7.592659e-01
1.700000e+02	1.710000e+02	4.863194e+00	7.689385e-01	7.689385e-01
1.710000e+02	1.720000e+02	4.620034e+00	7.494685e-01	7.494685e-01
1.720000e+02	1.730000e+02	3.525816e+00	6.547275e-01	6.547275e-01
1.730000e+02	1.740000e+02	4.012135e+00	6.984231e-01	6.984231e-01
1.740000e+02	1.750000e+02	3.404236e+00	6.433401e-01	6.433401e-01
1.750000e+02	1.760000e+02	5.106354e+00	7.879275e-01	7.879275e-01
1.760000e+02	1.770000e+02	4.133715e+00	7.089262e-01	7.089262e-01
1.770000e+02	1.780000e+02	2.796337e+00	5.830765e-01	5.830765e-01
1.780000e+02	1.790000e+02	3.768975e+00	6.769280e-01	6.769280e-01
1.790000e+02	1.800000e+02	4.863194e+00	7.689385e-01	7.689385e-01
1.800000e+02	1.810000e+02	3.768975e+00	6.769280e-01	6.769280e-01
1.810000e+02	1.820000e+02	4.741614e+00	7.592659e-01	7.592659e-01
1.820000e+02	1.830000e+02	3.525816e+00	6.547275e-01	6.547275e-01
1.830000e+02	1.840000e+02	5.227934e+00	7.972524e-01	7.972524e-01
1.840000e+02	1.850000e+02	4.620034e+00	7.494685e-01	7.494685e-01
1.850000e+02	1.860000e+02	3.890555e+00	6.877595e-01	6.877595e-01
1.860000e+02	1.870000e+02	3.890555e+00	6.877595e-01	6.877595e-01
1.870000e+02	1.880000e+02	3.768975e+00	6.769280e-01	6.769280e-01
1.880000e+02	1.890000e+02	5.106354e+00	7.879275e-01	7.879275e-01
1.890000e+02	1.900000e+02	4.255295e+00	7.192761e-01	7.192761e-01
1.900000e+02	1.910000e+02	3.890555e+00	6.877595e-01	6.877595e-01
1.910000e+02	1.920000e+02	5.227934e+00	7.972524e-01	7.972524e-01
1.920000e+02	1.930000e+02	5.349513e+00	8.064695e-01	8.064695e-01
1.930000e+02	1.940000e+02	5.227934e+00	7.972524e-01	7.972524e-01
1.940000e+02	1.950000e+02	4.133715e+00	7.089262e-01	7.089262e-01
1.950000e+02	1.960000e+02	3.647395e+00	6.659203e-01	6.659203e-01
1.960000e+02	1.970000e+02	4.498454e+00	7.395413e-01	7.395413e-01
1.970000e+02	1.980000e+02	5.714253e+00	8.335094e-01	8.335094e-01
1.980000e+02	1.990000e+02	5.349513e+00	8.064695e-01	8.064695e-01
1.990000e+02	2.000000e+02	4.376875e+00	7.294791e-01	7.294791e-01
2.000000e+02	2.010000e+02	4.376875e+00	7.294791e-01	7.294791e-01
2.010000e+02	2.020000e+02	5.714253e+00	8.335094e-01	8.335094e-01
2.020000e+02	2.030000e+02	4.863194e+00	7.689385e-01	7.689385e-01
2.030000e+02	2.040000e+02	7.294791e+00	9.417535e-01	9.417535e-01
2.040000e+02	2.050000e+02	4.498454e+00	7.395413e-01	7.395413e-01
2.050000e+02	2.060000e+02	5.227934e+00	7.972524e-01	7.972524e-01
2.060000e+02	2.070000e+02	5.227934e+00	7.972524e-01	7.972524e-01
2.070000e+02	2.080000e+02	5.714253e+00	8.335094e-01	8.335094e-01
2.080000e+02	2.090000e+02	4.498454e+00	7.395413e-01	7.395413e-01
2.090000e+02	2.100000e+02	6.565312e+00	8.934258e-01	8.934258e-01
2.100000e+02	2.110000e+02	5.957413e+00	8.510589e-01	8.510589e-01
2.110000e+02	2.120000e+02	5.227934e+00	7.972524e-01	7.972524e-01
2.120000e+02	2.130000e+02	5.106354e+00	7.879275e-01	7.879275e-01
2.130000e+02	2.140000e+02	7.416371e+00	9.495690e-01	9.495690e-01
2.140000e+02	2.150000e+02	6.565312e+00	8.934258e-01	8.934258e-01
2.150000e+02	2.160000e+02	7.537951e+00	9.573207e-01	9.573207e-01
2.160000e+02	2.170000e+02	5.957413e+00	8.510589e-01	8.510589e-01
2.170000e+02	2.180000e+02	5.106354e+00	7.879275e-01	7.879275e-01
2.180000e+02	2.190000e+02	6.078992e+00	8.596994e-01	8.596994e-01
2.190000e+02	2.200000e+02	5.592673e+00	8.245947e-01	8.245947e-01
2.200000e+02	2.210000e+02	7.051631e+00	9.259246e-01	9.259246e-01
2.210000e+02	2.220000e+02	6.443732e+00	8.851147e-01	8.851147e-01
2.220000e+02	2.230000e+02	6.443732e+00	8.851147e-01	8.851147e-01
2.230000e+02	2.240000e+02	7.537951e+00	9.573207e-01	9.573207e-01
2.240000e+02	2.250000e+02	6.078992e+00	8.596994e-01	8.596994e-01
2.250000e+02	2.260000e+02	7.537951e+00	9.573207e-01	9.573207e-01
2.260000e+02	2.270000e+02	6.078992e+00	8.596994e-01	8.596994e-01
2.270000e+02	2.280000e+02	5.349513e+00	8.064695e-01	8.064695e-01
2.280000e+02	2.290000e+02	6.443732e+00	8.851147e-01	8.851147e-01
2.290000e+02	2.300000e+02	6.808472e+00	9.098203e-01	9.098203e-01
2.300000e+02	2.310000e+02	6.078992e+00	8.596994e-01	8.596994e-01
2.310000e+02	2.320000e+02	5.106354e+00	7.879275e-01	7.879275e-01
2.320000e+02	2.330000e+02	6.322152e+00	8.767248e-01	8.767248e-01
2.330000e+02	2.340000e+02	6.686892e+00	9.016603e-01	9.016603e-01
2.340000e+02	2.350000e+02	5.471093e+00	8.155824e-01	8.155824e-01
2.350000e+02	2.360000e+02	8.024270e+00	9.877194e-01	9.877194e-01
2.360000e+02	2.370000e+02	7.781110e+00	9.726388e-01	9.726388e-01
2.370000e+02	2.380000e+02	8.024270e+00	9.877194e-01	9.877194e-01
2.380000e+02	2.390000e+02	8.145850e+00	9.951740e-01	9.951740e-01
2.390000e+02	2.400000e+02	5.835833e+00	8.423299e-01	8.423299e-01
2.400000e+02	2.410000e+02	5.471093e+00	8.155824e-01	8.155824e-01
2.410000e+02	2.420000e+02	9.847968e+00	1.094218e+00	1.094218e+00
2.420000e+02	2.430000e+02	6.443732e+00	8.851147e-01	8.851147e-01
2.430000e+02	2.440000e+02	6.443732e+00	8.851147e-01	8.851147e-01
2.440000e+02	2.450000e+02	5.714253e+00	8.335094e-01	8.335094e-01
2.450000e+02	2.460000e+02	7.902690e+00	9.802081e-01	9.802081e-01
2.460000e+02	2.470000e+02	7.416371e+00	9.495690e-01	9.495690e-01
2.470000e+02	2.480000e+02	7.051631e+00	9.259246e-01	9.259246e-01
2.480000e+02	2.490000e+02	7.537951e+00	9.573207e-01	9.573207e-01
2.490000e+02	2.500000e+02	7.416371e+00	9.495690e-01	9.495690e-01
2.500000e+02	2.510000e+02	8.753749e+00	1.031639e+00	1.031639e+00
2.510000e+02	2.520000e+02	9.240069e+00	1.059908e+00	1.059908e+00
2.520000e+02	2.530000e+02	7.416371e+00	9.495690e-01	9.495690e-01
2.530000e+02	2.540000e+02	7.902690e+00	9.802081e-01	9.802081e-01
2.540000e+02	2.550000e+02	6.078992e+00	8.596994e-01	8.596994e-01
2.550000e+02	2.560000e+02	7.416371e+00	9.495690e-01	9.495690e-01
2.560000e+02	2.570000e+02	6.686892e+00	9.016603e-01	9.016603e-01
2.570000e+02	2.580000e+02	8.389010e+00	1.009918e+00	1.009918e+00
2.580000e+02	2.590000e+02	7.902690e+00	9.802081e-01	9.802081e-01
2.590000e+02	2.600000e+02	8.145850e+00	9.951740e-01	9.951740e-01
2.600000e+02	2.610000e+02	8.996909e+00	1.045869e+00	1.045869e+00
2.610000e+02	2.620000e+02	8.024270e+00	9.877194e-01	9.877194e-01
2.620000e+02	2.630000e+02	8.389010e+00	1.009918e+00	1.009918e+00
2.630000e+02	2.640000e+02	7.416371e+00	9.495690e-01	9.495690e-01
2.640000e+02	2.650000e+02	6.808472e+00	9.098203e-01	9.098203e-01
2.650000e+02	2.660000e+02	7.416371e+00	9.495690e-01	9.495690e-01
2.660000e+02	2.670000e+02	8.632169e+00	1.024450e+00	1.024450e+00
2.670000e+02	2.680000e+02	7.051631e+00	9.259246e-01	9.259246e-01
2.680000e+02	2.690000e+02	6.322152e+00	8.767248e-01	8.767248e-01
2.690000e+02	2.700000e+02	7.659531e+00	9.650102e-01	9.650102e-01
2.700000e+02	2.710000e+02	6.443732e+00	8.851147e-01	8.851147e-01
2.710000e+02	2.720000e+02	9.240069e+00	1.059908e+00	1.059908e+00
2.720000e+02	2.730000e+02	7.416371e+00	9.495690e-01	9.495690e-01
2.730000e+02	2.740000e+02	6.078992e+00	8.596994e-01	8.596994e-01
2.740000e+02	2.750000e+02	7.781110e+00	9.726388e-01	9.726388e-01
2.750000e+02	2.760000e+02	7.781110e+00	9.726388e-01	9.726388e-01
2.760000e+02	2.770000e+02	8.632169e+00	1.024450e+00	1.024450e+00
2.770000e+02	2.780000e+02	7.051631e+00	9.259246e-01	9.259246e-01
2.780000e+02	2.790000e+02	7.051631e+00	9.259246e-01	9.259246e-01
2.790000e+02	2.800000e+02	8.145850e+00	9.951740e-01	9.951740e-01
2.800000e+02	2.810000e+02	6.686892e+00	9.016603e-01	9.016603e-01
2.810000e+02	2.820000e+02	9.240069e+00	1.059908e+00	1.059908e+00
2.820000e+02	2.830000e+02	6.686892e+00	9.016603e-01	9.016603e-01
2.830000e+02	2.840000e+02	6.686892e+00	9.016603e-01	9.016603e-01
2.840000e+02	2.850000e+02	5.471093e+00	8.155824e-01	8.155824e-01
2.850000e+02	2.860000e+02	6.930051e+00	9.179077e-01	9.179077e-01
2.860000e+02	2.870000e+02	7.173211e+00	9.338725e-01	9.338725e-01
2.870000e+02	2.880000e+02	5.106354e+00	7.879275e-01	7.879275e-01
2.880000e+02	2.890000e+02	6.078992e+00	8.596994e-01	8.596994e-01
2.890000e+02	2.900000e+02	6.443732e+00	8.851147e-01	8.851147e-01
2.900000e+02	2.910000e+02	5.227934e+00	7.972524e-01	7.972524e-01
2.910000e+02	2.920000e+02	7.173211e+00	9.338725e-01	9.338725e-01
2.920000e+02	2.930000e+02	5.957413e+00	8.510589e-01	8.510589e-01
2.930000e+02	2.940000e+02	6.443732e+00	8.851147e-01	8.851147e-01
2.940000e+02	2.950000e+02	5.349513e+00	8.064695e-01	8.064695e-01
2.950000e+02	2.960000e+02	6.200572e+00	8.682538e-01	8.682538e-01
2.960000e+02	2.970000e+02	6.322152e+00	8.767248e-01	8.767248e-01
2.970000e+02	2.980000e+02	6.443732e+00	8.851147e-01	8.851147e-01
2.980000e+02	2.990000e+02	4.984774e+00	7.784909e-01	7.784909e-01
2.990000e+02	3.000000e+02	4.741614e+00	7.592659e-01	7.592659e-01
3.000000e+02	3.010000e+02	6.808472e+00	9.098203e-01	9.098203e-01
3.010000e+02	3.020000e+02	4.620034e+00	7.494685e-01	7.494685e-01
3.020000e+02	3.030000e+02	6.200572e+00	8.682538e-01	8.682538e-01
3.030000e+02	3.040000e+02	3.768975e+00	6.769280e-01	6.769280e-01
3.040000e+02	3.050000e+02	4.863194e+00	7.689385e-01	7.689385e-01
3.050000e+02	3.060000e+02	4.620034e+00	7.494685e-01	7.494685e-01
3.060000e+02	3.070000e+02	5.227934e+00	7.972524e-01	7.972524e-01
3.070000e+02	3.080000e+02	6.200572e+00	8.682538e-01	8.682538e-01
3.080000e+02	3.090000e+02	4.133715e+00	7.089262e-01	7.089262e-01
3.090000e+02	3.100000e+02	3.647395e+00	6.659203e-01	6.659203e-01
3.100000e+02	3.110000e+02	3.525816e+00	6.547275e-01	6.547275e-01
3.110000e+02	3.120000e+02	4.741614e+00	7.592659e-01	7.592659e-01
3.120000e+02	3.130000e+02	4.133715e+00	7.089262e-01	7.089262e-01
3.130000e+02	3.140000e+02	3.890555e+00	6.877595e-01	6.877595e-01
3.140000e+02	3.150000e+02	4.376875e+00	7.294791e-01	7.294791e-01
3.150000e+02	3.160000e+02	3.161076e+00	6.199381e-01	6.199381e-01
3.160000e+02	3.170000e+02	3.039496e+00	6.078993e-01	6.078993e-01
3.170000e+02	3.180000e+02	3.039496e+00	6.078993e-01	6.078993e-01
3.180000e+02	3.190000e+02	3.768975e+00	6.769280e-01	6.769280e-01
3.190000e+02	3.200000e+02	3.039496e+00	6.078993e-01	6.078993e-01
3.200000e+02	3.210000e+02	2.066857e+00	5.012865e-01	5.012865e-01
3.210000e+02	3.220000e+02	1.945278e+00	4.863194e-01	4.863194e-01
3.220000e+02	3.230000e+02	1.094219e+00	3.647395e-01	3.647395e-01
3.230000e+02	3.240000e+02	1.458958e+00	4.211649e-01	4.211649e-01
3.240000e+02	3.250000e+02	1.094219e+00	3.647395e-01	3.647395e-01
3.250000e+02	3.260000e+02	9.726388e-01	3.438798e-01	3.438798e-01
3.260000e+02	3.270000e+02	9.726388e-01	3.438798e-01	3.438798e-01
3.270000e+02	3.280000e+02	3.647396e-01	2.105825e-01	2.105825e-01
3.280000e+02	3.290000e+02	6.078993e-01	2.718608e-01	2.718608e-01
3.290000e+02	3.300000e+02	4.863194e-01	2.431597e-01	2.431597e-01
3.300000e+02	3.310000e+02	0.000000e+00	0.000000e+00	0.000000e+00
3.310000e+02	3.320000e+02	1.215799e-01	1.215799e-01	1.215799e-01
3.320000e+02	3.330000e+02	1.215799e-01	1.215799e-01	1.215799e-01
3.330000e+02	3.340000e+02	0.000000e+00	0.000000e+00	0.000000e+00
3.340000e+02	3.350000e+02	0.000000e+00	0.000000e+00	0.000000e+00
3.350000e+02	3.360000e+02	0.000000e+00	0.000000e+00	0.000000e+00
3.360000e+02	3.370000e+02	0.000000e+00	0.000000e+00	0.000000e+00
3.370000e+02	3.380000e+02	0.000000e+00	0.000000e+00	0.000000e+00
3.380000e+02	3.390000e+02	0.000000e+00	0.000000e+00	0.000000e+00
3.390000e+02	3.400000e+02	0.000000e+00	0.000000e+00	0.000000e+00
3.400000e+02	3.410000e+02	0.000000e+00	0.000000e+00	0.000000e+00
3.410000e+02	3.420000e+02	0.000000e+00	0.000000e+00	0.000000e+00
3.420000e+02	3.430000e+02	0.000000e+00	0.000000e+00	0.000000e+00
3.430000e+02	3.440000e+02	0.000000e+00	0.000000e+00	0.000000e+00
3.440000e+02	3.450000e+02	0.000000e+00	0.000000e+00	0.000000e+00
3.450000e+02	3.460000e+02	0.000000e+00	0.000000e+00	0.000000e+00
3.460000e+02	3.470000e+02	0.000000e+00	0.000000e+00	0.000000e+00
3.470000e+02	3.480000e+02	0.000000e+00	0.000000e+00	0.000000e+00
3.480000e+02	3.490000e+02	0.000000e+00	0.000000e+00	0.000000e+00
3.490000e+02	3.500000e+02	0.000000e+00	0.000000e+00	0.000000e+00
# END HISTO1D


# BEGIN HISTO1D //Users/zhupengxuan/Buding/mRC-variables/Code/bkgww240.yoda/CEPC_SMUON/hist_mll[Weight_MERGING=0.000]
LineColor=blue!30
LineStyle=solid
Path=//Users/zhupengxuan/Buding/mRC-variables/Code/bkgww240.yoda/CEPC_SMUON/hist_mll[Weight_MERGING=0.000]
ScaledBy=1.00000000000000000e+00
Title=bkgww240
# xlow	 xhigh	 val	 errminus	 errplus
0.000000e+00	1.000000e+00	0.000000e+00	0.000000e+00	0.000000e+00
1.000000e+00	2.000000e+00	0.000000e+00	0.000000e+00	0.000000e+00
2.000000e+00	3.000000e+00	0.000000e+00	0.000000e+00	0.000000e+00
3.000000e+00	4.000000e+00	0.000000e+00	0.000000e+00	0.000000e+00
4.000000e+00	5.000000e+00	0.000000e+00	0.000000e+00	0.000000e+00
5.000000e+00	6.000000e+00	1.939338e-05	1.939338e-05	1.939338e-05
6.000000e+00	7.000000e+00	0.000000e+00	0.000000e+00	0.000000e+00
7.000000e+00	8.000000e+00	0.000000e+00	0.000000e+00	0.000000e+00
8.000000e+00	9.000000e+00	1.939338e-05	1.939338e-05	1.939338e-05
9.000000e+00	1.000000e+01	1.939338e-05	1.939338e-05	1.939338e-05
1.000000e+01	1.100000e+01	5.818013e-05	3.359031e-05	3.359031e-05
1.100000e+01	1.200000e+01	7.757351e-05	3.878675e-05	3.878675e-05
1.200000e+01	1.300000e+01	9.696688e-05	4.336491e-05	4.336491e-05
1.300000e+01	1.400000e+01	5.818013e-05	3.359031e-05	3.359031e-05
1.400000e+01	1.500000e+01	1.163603e-04	4.750387e-05	4.750387e-05
1.500000e+01	1.600000e+01	9.696688e-05	4.336491e-05	4.336491e-05
1.600000e+01	1.700000e+01	2.133271e-04	6.432056e-05	6.432056e-05
1.700000e+01	1.800000e+01	1.551470e-04	5.485276e-05	5.485276e-05
1.800000e+01	1.900000e+01	1.163603e-04	4.750387e-05	4.750387e-05
1.900000e+01	2.000000e+01	9.696688e-05	4.336491e-05	4.336491e-05
2.000000e+01	2.100000e+01	1.357536e-04	5.131006e-05	5.131006e-05
2.100000e+01	2.200000e+01	1.939338e-04	6.132725e-05	6.132725e-05
2.200000e+01	2.300000e+01	2.327205e-04	6.718063e-05	6.718063e-05
2.300000e+01	2.400000e+01	1.939338e-04	6.132725e-05	6.132725e-05
2.400000e+01	2.500000e+01	2.715073e-04	7.256337e-05	7.256337e-05
2.500000e+01	2.600000e+01	2.327205e-04	6.718063e-05	6.718063e-05
2.600000e+01	2.700000e+01	2.909007e-04	7.511023e-05	7.511023e-05
2.700000e+01	2.800000e+01	2.715073e-04	7.256337e-05	7.256337e-05
2.800000e+01	2.900000e+01	2.521139e-04	6.992382e-05	6.992382e-05
2.900000e+01	3.000000e+01	1.939338e-04	6.132725e-05	6.132725e-05
3.000000e+01	3.100000e+01	3.684742e-04	8.453377e-05	8.453377e-05
3.100000e+01	3.200000e+01	3.684742e-04	8.453377e-05	8.453377e-05
3.200000e+01	3.300000e+01	4.266543e-04	9.096300e-05	9.096300e-05
3.300000e+01	3.400000e+01	3.102940e-04	7.757351e-05	7.757351e-05
3.400000e+01	3.500000e+01	4.654410e-04	9.500776e-05	9.500776e-05
3.500000e+01	3.600000e+01	3.878675e-04	8.672982e-05	8.672982e-05
3.600000e+01	3.700000e+01	2.909007e-04	7.511023e-05	7.511023e-05
3.700000e+01	3.800000e+01	2.521139e-04	6.992382e-05	6.992382e-05
3.800000e+01	3.900000e+01	4.266543e-04	9.096300e-05	9.096300e-05
3.900000e+01	4.000000e+01	3.296874e-04	7.996094e-05	7.996094e-05
4.000000e+01	4.100000e+01	2.327205e-04	6.718063e-05	6.718063e-05
4.100000e+01	4.200000e+01	4.266543e-04	9.096300e-05	9.096300e-05
4.200000e+01	4.300000e+01	3.296874e-04	7.996094e-05	7.996094e-05
4.300000e+01	4.400000e+01	3.102940e-04	7.757351e-05	7.757351e-05
4.400000e+01	4.500000e+01	2.715073e-04	7.256337e-05	7.256337e-05
4.500000e+01	4.600000e+01	3.296874e-04	7.996094e-05	7.996094e-05
4.600000e+01	4.700000e+01	2.909007e-04	7.511023e-05	7.511023e-05
4.700000e+01	4.800000e+01	3.878675e-04	8.672982e-05	8.672982e-05
4.800000e+01	4.900000e+01	4.460477e-04	9.300737e-05	9.300737e-05
4.900000e+01	5.000000e+01	3.490808e-04	8.227913e-05	8.227913e-05
5.000000e+01	5.100000e+01	5.042278e-04	9.888721e-05	9.888721e-05
5.100000e+01	5.200000e+01	3.684742e-04	8.453377e-05	8.453377e-05
5.200000e+01	5.300000e+01	5.430146e-04	1.026201e-04	1.026201e-04
5.300000e+01	5.400000e+01	3.296874e-04	7.996094e-05	7.996094e-05
5.400000e+01	5.500000e+01	4.460477e-04	9.300737e-05	9.300737e-05
5.500000e+01	5.600000e+01	4.848344e-04	9.696689e-05	9.696689e-05
5.600000e+01	5.700000e+01	5.042278e-04	9.888721e-05	9.888721e-05
5.700000e+01	5.800000e+01	4.654410e-04	9.500776e-05	9.500776e-05
5.800000e+01	5.900000e+01	4.460477e-04	9.300737e-05	9.300737e-05
5.900000e+01	6.000000e+01	4.266543e-04	9.096300e-05	9.096300e-05
6.000000e+01	6.100000e+01	5.236212e-04	1.007709e-04	1.007709e-04
6.100000e+01	6.200000e+01	5.042278e-04	9.888721e-05	9.888721e-05
6.200000e+01	6.300000e+01	6.593748e-04	1.130818e-04	1.130818e-04
6.300000e+01	6.400000e+01	4.266543e-04	9.096300e-05	9.096300e-05
6.400000e+01	6.500000e+01	5.042278e-04	9.888721e-05	9.888721e-05
6.500000e+01	6.600000e+01	5.430146e-04	1.026201e-04	1.026201e-04
6.600000e+01	6.700000e+01	5.818013e-04	1.062219e-04	1.062219e-04
6.700000e+01	6.800000e+01	3.878675e-04	8.672982e-05	8.672982e-05
6.800000e+01	6.900000e+01	4.848344e-04	9.696689e-05	9.696689e-05
6.900000e+01	7.000000e+01	7.175549e-04	1.179653e-04	1.179653e-04
7.000000e+01	7.100000e+01	4.654410e-04	9.500776e-05	9.500776e-05
7.100000e+01	7.200000e+01	3.878675e-04	8.672982e-05	8.672982e-05
7.200000e+01	7.300000e+01	6.593748e-04	1.130818e-04	1.130818e-04
7.300000e+01	7.400000e+01	6.981616e-04	1.163603e-04	1.163603e-04
7.400000e+01	7.500000e+01	5.430146e-04	1.026201e-04	1.026201e-04
7.500000e+01	7.600000e+01	5.818013e-04	1.062219e-04	1.062219e-04
7.600000e+01	7.700000e+01	4.848344e-04	9.696689e-05	9.696689e-05
7.700000e+01	7.800000e+01	6.399814e-04	1.114065e-04	1.114065e-04
7.800000e+01	7.900000e+01	5.236212e-04	1.007709e-04	1.007709e-04
7.900000e+01	8.000000e+01	5.624079e-04	1.044365e-04	1.044365e-04
8.000000e+01	8.100000e+01	7.369483e-04	1.195488e-04	1.195488e-04
8.100000e+01	8.200000e+01	5.624079e-04	1.044365e-04	1.044365e-04
8.200000e+01	8.300000e+01	7.175549e-04	1.179653e-04	1.179653e-04
8.300000e+01	8.400000e+01	7.563417e-04	1.211116e-04	1.211116e-04
8.400000e+01	8.500000e+01	6.205881e-04	1.097055e-04	1.097055e-04
8.500000e+01	8.600000e+01	9.308821e-04	1.343613e-04	1.343613e-04
8.600000e+01	8.700000e+01	6.399814e-04	1.114065e-04	1.114065e-04
8.700000e+01	8.800000e+01	7.369483e-04	1.195488e-04	1.195488e-04
8.800000e+01	8.900000e+01	6.011947e-04	1.079778e-04	1.079778e-04
8.900000e+01	9.000000e+01	6.011947e-04	1.079778e-04	1.079778e-04
9.000000e+01	9.100000e+01	6.205881e-04	1.097055e-04	1.097055e-04
9.100000e+01	9.200000e+01	6.981616e-04	1.163603e-04	1.163603e-04
9.200000e+01	9.300000e+01	7.757351e-04	1.226545e-04	1.226545e-04
9.300000e+01	9.400000e+01	1.086029e-03	1.451267e-04	1.451267e-04
9.400000e+01	9.500000e+01	9.308821e-04	1.343613e-04	1.343613e-04
9.500000e+01	9.600000e+01	9.696689e-04	1.371319e-04	1.371319e-04
9.600000e+01	9.700000e+01	9.114887e-04	1.329543e-04	1.329543e-04
9.700000e+01	9.800000e+01	8.727020e-04	1.300947e-04	1.300947e-04
9.800000e+01	9.900000e+01	8.145218e-04	1.256835e-04	1.256835e-04
9.900000e+01	1.000000e+02	1.027849e-03	1.411859e-04	1.411859e-04
1.000000e+02	1.010000e+02	8.339152e-04	1.271709e-04	1.271709e-04
1.010000e+02	1.020000e+02	9.308821e-04	1.343613e-04	1.343613e-04
1.020000e+02	1.030000e+02	1.163603e-03	1.502204e-04	1.502204e-04
1.030000e+02	1.040000e+02	7.951285e-04	1.241782e-04	1.241782e-04
1.040000e+02	1.050000e+02	7.369483e-04	1.195488e-04	1.195488e-04
1.050000e+02	1.060000e+02	7.563417e-04	1.211116e-04	1.211116e-04
1.060000e+02	1.070000e+02	1.376930e-03	1.634115e-04	1.634115e-04
1.070000e+02	1.080000e+02	9.890622e-04	1.384964e-04	1.384964e-04
1.080000e+02	1.090000e+02	9.502755e-04	1.357536e-04	1.357536e-04
1.090000e+02	1.100000e+02	9.696689e-04	1.371319e-04	1.371319e-04
1.100000e+02	1.110000e+02	1.047242e-03	1.425116e-04	1.425116e-04
1.110000e+02	1.120000e+02	9.890622e-04	1.384964e-04	1.384964e-04
1.120000e+02	1.130000e+02	8.339152e-04	1.271709e-04	1.271709e-04
1.130000e+02	1.140000e+02	1.279963e-03	1.575525e-04	1.575525e-04
1.140000e+02	1.150000e+02	8.533086e-04	1.286411e-04	1.286411e-04
1.150000e+02	1.160000e+02	1.124816e-03	1.476956e-04	1.476956e-04
1.160000e+02	1.170000e+02	1.086029e-03	1.451267e-04	1.451267e-04
1.170000e+02	1.180000e+02	9.890622e-04	1.384964e-04	1.384964e-04
1.180000e+02	1.190000e+02	1.338143e-03	1.610935e-04	1.610935e-04
1.190000e+02	1.200000e+02	1.086029e-03	1.451267e-04	1.451267e-04
1.200000e+02	1.210000e+02	1.086029e-03	1.451267e-04	1.451267e-04
1.210000e+02	1.220000e+02	1.027849e-03	1.411859e-04	1.411859e-04
1.220000e+02	1.230000e+02	1.260570e-03	1.563544e-04	1.563544e-04
1.230000e+02	1.240000e+02	1.221783e-03	1.539301e-04	1.539301e-04
1.240000e+02	1.250000e+02	1.454503e-03	1.679516e-04	1.679516e-04
1.250000e+02	1.260000e+02	1.299356e-03	1.587416e-04	1.587416e-04
1.260000e+02	1.270000e+02	1.260570e-03	1.563544e-04	1.563544e-04
1.270000e+02	1.280000e+02	1.396323e-03	1.645583e-04	1.645583e-04
1.280000e+02	1.290000e+02	1.357536e-03	1.622566e-04	1.622566e-04
1.290000e+02	1.300000e+02	1.318750e-03	1.599219e-04	1.599219e-04
1.300000e+02	1.310000e+02	1.493290e-03	1.701762e-04	1.701762e-04
1.310000e+02	1.320000e+02	1.357536e-03	1.622566e-04	1.622566e-04
1.320000e+02	1.330000e+02	1.512683e-03	1.712777e-04	1.712777e-04
1.330000e+02	1.340000e+02	1.687224e-03	1.808894e-04	1.808894e-04
1.340000e+02	1.350000e+02	1.396323e-03	1.645583e-04	1.645583e-04
1.350000e+02	1.360000e+02	1.338143e-03	1.610935e-04	1.610935e-04
1.360000e+02	1.370000e+02	1.376930e-03	1.634115e-04	1.634115e-04
1.370000e+02	1.380000e+02	1.551470e-03	1.734596e-04	1.734596e-04
1.380000e+02	1.390000e+02	1.357536e-03	1.622566e-04	1.622566e-04
1.390000e+02	1.400000e+02	1.726011e-03	1.829567e-04	1.829567e-04
1.400000e+02	1.410000e+02	1.784191e-03	1.860147e-04	1.860147e-04
1.410000e+02	1.420000e+02	2.075091e-03	2.006067e-04	2.006067e-04
1.420000e+02	1.430000e+02	1.726011e-03	1.829567e-04	1.829567e-04
1.430000e+02	1.440000e+02	1.706617e-03	1.819260e-04	1.819260e-04
1.440000e+02	1.450000e+02	1.648437e-03	1.787981e-04	1.787981e-04
1.450000e+02	1.460000e+02	1.454503e-03	1.679516e-04	1.679516e-04
1.460000e+02	1.470000e+02	1.764797e-03	1.850010e-04	1.850010e-04
1.470000e+02	1.480000e+02	1.435110e-03	1.668281e-04	1.668281e-04
1.480000e+02	1.490000e+02	1.919944e-03	1.929617e-04	1.929617e-04
1.490000e+02	1.500000e+02	1.784191e-03	1.860147e-04	1.860147e-04
1.500000e+02	1.510000e+02	1.939338e-03	1.939338e-04	1.939338e-04
1.510000e+02	1.520000e+02	1.609650e-03	1.766821e-04	1.766821e-04
1.520000e+02	1.530000e+02	1.512683e-03	1.712777e-04	1.712777e-04
1.530000e+02	1.540000e+02	1.687224e-03	1.808894e-04	1.808894e-04
1.540000e+02	1.550000e+02	1.532077e-03	1.723721e-04	1.723721e-04
1.550000e+02	1.560000e+02	1.803584e-03	1.870230e-04	1.870230e-04
1.560000e+02	1.570000e+02	1.958731e-03	1.949010e-04	1.949010e-04
1.570000e+02	1.580000e+02	1.706617e-03	1.819260e-04	1.819260e-04
1.580000e+02	1.590000e+02	1.764797e-03	1.850010e-04	1.850010e-04
1.590000e+02	1.600000e+02	1.590257e-03	1.756145e-04	1.756145e-04
1.600000e+02	1.610000e+02	1.299356e-03	1.587416e-04	1.587416e-04
1.610000e+02	1.620000e+02	1.493290e-03	1.701762e-04	1.701762e-04
1.620000e+02	1.630000e+02	1.842371e-03	1.890233e-04	1.890233e-04
1.630000e+02	1.640000e+02	1.861764e-03	1.900155e-04	1.900155e-04
1.640000e+02	1.650000e+02	2.055698e-03	1.996670e-04	1.996670e-04
1.650000e+02	1.660000e+02	1.532077e-03	1.723721e-04	1.723721e-04
1.660000e+02	1.670000e+02	1.687224e-03	1.808894e-04	1.808894e-04
1.670000e+02	1.680000e+02	1.396323e-03	1.645583e-04	1.645583e-04
1.680000e+02	1.690000e+02	1.318750e-03	1.599219e-04	1.599219e-04
1.690000e+02	1.700000e+02	1.900551e-03	1.919846e-04	1.919846e-04
1.700000e+02	1.710000e+02	1.900551e-03	1.919846e-04	1.919846e-04
1.710000e+02	1.720000e+02	1.570864e-03	1.745404e-04	1.745404e-04
1.720000e+02	1.730000e+02	1.493290e-03	1.701762e-04	1.701762e-04
1.730000e+02	1.740000e+02	1.609650e-03	1.766821e-04	1.766821e-04
1.740000e+02	1.750000e+02	1.764797e-03	1.850010e-04	1.850010e-04
1.750000e+02	1.760000e+02	1.299356e-03	1.587416e-04	1.587416e-04
1.760000e+02	1.770000e+02	1.260570e-03	1.563544e-04	1.563544e-04
1.770000e+02	1.780000e+02	1.473897e-03	1.690675e-04	1.690675e-04
1.780000e+02	1.790000e+02	1.803584e-03	1.870230e-04	1.870230e-04
1.790000e+02	1.800000e+02	1.570864e-03	1.745404e-04	1.745404e-04
1.800000e+02	1.810000e+02	1.376930e-03	1.634115e-04	1.634115e-04
1.810000e+02	1.820000e+02	1.532077e-03	1.723721e-04	1.723721e-04
1.820000e+02	1.830000e+02	1.532077e-03	1.723721e-04	1.723721e-04
1.830000e+02	1.840000e+02	1.260570e-03	1.563544e-04	1.563544e-04
1.840000e+02	1.850000e+02	1.357536e-03	1.622566e-04	1.622566e-04
1.850000e+02	1.860000e+02	1.415717e-03	1.656971e-04	1.656971e-04
1.860000e+02	1.870000e+02	1.415717e-03	1.656971e-04	1.656971e-04
1.870000e+02	1.880000e+02	1.241176e-03	1.551470e-04	1.551470e-04
1.880000e+02	1.890000e+02	1.299356e-03	1.587416e-04	1.587416e-04
1.890000e+02	1.900000e+02	1.047242e-03	1.425116e-04	1.425116e-04
1.900000e+02	1.910000e+02	9.696689e-04	1.371319e-04	1.371319e-04
1.910000e+02	1.920000e+02	1.299356e-03	1.587416e-04	1.587416e-04
1.920000e+02	1.930000e+02	1.066636e-03	1.438251e-04	1.438251e-04
1.930000e+02	1.940000e+02	7.563417e-04	1.211116e-04	1.211116e-04
1.940000e+02	1.950000e+02	1.086029e-03	1.451267e-04	1.451267e-04
1.950000e+02	1.960000e+02	1.066636e-03	1.438251e-04	1.438251e-04
1.960000e+02	1.970000e+02	1.008456e-03	1.398476e-04	1.398476e-04
1.970000e+02	1.980000e+02	8.727020e-04	1.300947e-04	1.300947e-04
1.980000e+02	1.990000e+02	5.624079e-04	1.044365e-04	1.044365e-04
1.990000e+02	2.000000e+02	7.951285e-04	1.241782e-04	1.241782e-04
2.000000e+02	2.010000e+02	5.236212e-04	1.007709e-04	1.007709e-04
2.010000e+02	2.020000e+02	6.205881e-04	1.097055e-04	1.097055e-04
2.020000e+02	2.030000e+02	3.684742e-04	8.453377e-05	8.453377e-05
2.030000e+02	2.040000e+02	3.878675e-04	8.672982e-05	8.672982e-05
2.040000e+02	2.050000e+02	2.521139e-04	6.992382e-05	6.992382e-05
2.050000e+02	2.060000e+02	3.490808e-04	8.227913e-05	8.227913e-05
2.060000e+02	2.070000e+02	2.521139e-04	6.992382e-05	6.992382e-05
2.070000e+02	2.080000e+02	7.757351e-05	3.878675e-05	3.878675e-05
2.080000e+02	2.090000e+02	9.696688e-05	4.336491e-05	4.336491e-05
2.090000e+02	2.100000e+02	0.000000e+00	0.000000e+00	0.000000e+00
2.100000e+02	2.110000e+02	0.000000e+00	0.000000e+00	0.000000e+00
2.110000e+02	2.120000e+02	0.000000e+00	0.000000e+00	0.000000e+00
2.120000e+02	2.130000e+02	3.878675e-05	2.742638e-05	2.742638e-05
2.130000e+02	2.140000e+02	0.000000e+00	0.000000e+00	0.000000e+00
2.140000e+02	2.150000e+02	0.000000e+00	0.000000e+00	0.000000e+00
2.150000e+02	2.160000e+02	0.000000e+00	0.000000e+00	0.000000e+00
2.160000e+02	2.170000e+02	0.000000e+00	0.000000e+00	0.000000e+00
2.170000e+02	2.180000e+02	0.000000e+00	0.000000e+00	0.000000e+00
2.180000e+02	2.190000e+02	0.000000e+00	0.000000e+00	0.000000e+00
2.190000e+02	2.200000e+02	0.000000e+00	0.000000e+00	0.000000e+00
2.200000e+02	2.210000e+02	0.000000e+00	0.000000e+00	0.000000e+00
2.210000e+02	2.220000e+02	0.000000e+00	0.000000e+00	0.000000e+00
2.220000e+02	2.230000e+02	0.000000e+00	0.000000e+00	0.000000e+00
2.230000e+02	2.240000e+02	0.000000e+00	0.000000e+00	0.000000e+00
2.240000e+02	2.250000e+02	0.000000e+00	0.000000e+00	0.000000e+00
2.250000e+02	2.260000e+02	0.000000e+00	0.000000e+00	0.000000e+00
2.260000e+02	2.270000e+02	0.000000e+00	0.000000e+00	0.000000e+00
2.270000e+02	2.280000e+02	0.000000e+00	0.000000e+00	0.000000e+00
2.280000e+02	2.290000e+02	0.000000e+00	0.000000e+00	0.000000e+00
2.290000e+02	2.300000e+02	0.000000e+00	0.000000e+00	0.000000e+00
2.300000e+02	2.310000e+02	0.000000e+00	0.000000e+00	0.000000e+00
2.310000e+02	2.320000e+02	0.000000e+00	0.000000e+00	0.000000e+00
2.320000e+02	2.330000e+02	0.000000e+00	0.000000e+00	0.000000e+00
2.330000e+02	2.340000e+02	0.000000e+00	0.000000e+00	0.000000e+00
2.340000e+02	2.350000e+02	0.000000e+00	0.000000e+00	0.000000e+00
2.350000e+02	2.360000e+02	0.000000e+00	0.000000e+00	0.000000e+00
2.360000e+02	2.370000e+02	0.000000e+00	0.000000e+00	0.000000e+00
2.370000e+02	2.380000e+02	0.000000e+00	0.000000e+00	0.000000e+00
2.380000e+02	2.390000e+02	0.000000e+00	0.000000e+00	0.000000e+00
2.390000e+02	2.400000e+02	0.000000e+00	0.000000e+00	0.000000e+00
2.400000e+02	2.410000e+02	0.000000e+00	0.000000e+00	0.000000e+00
2.410000e+02	2.420000e+02	0.000000e+00	0.000000e+00	0.000000e+00
2.420000e+02	2.430000e+02	0.000000e+00	0.000000e+00	0.000000e+00
2.430000e+02	2.440000e+02	0.000000e+00	0.000000e+00	0.000000e+00
2.440000e+02	2.450000e+02	0.000000e+00	0.000000e+00	0.000000e+00
2.450000e+02	2.460000e+02	0.000000e+00	0.000000e+00	0.000000e+00
2.460000e+02	2.470000e+02	0.000000e+00	0.000000e+00	0.000000e+00
2.470000e+02	2.480000e+02	0.000000e+00	0.000000e+00	0.000000e+00
2.480000e+02	2.490000e+02	0.000000e+00	0.000000e+00	0.000000e+00
2.490000e+02	2.500000e+02	0.000000e+00	0.000000e+00	0.000000e+00
2.500000e+02	2.510000e+02	0.000000e+00	0.000000e+00	0.000000e+00
2.510000e+02	2.520000e+02	0.000000e+00	0.000000e+00	0.000000e+00
2.520000e+02	2.530000e+02	0.000000e+00	0.000000e+00	0.000000e+00
2.530000e+02	2.540000e+02	0.000000e+00	0.000000e+00	0.000000e+00
2.540000e+02	2.550000e+02	0.000000e+00	0.000000e+00	0.000000e+00
2.550000e+02	2.560000e+02	0.000000e+00	0.000000e+00	0.000000e+00
2.560000e+02	2.570000e+02	0.000000e+00	0.000000e+00	0.000000e+00
2.570000e+02	2.580000e+02	0.000000e+00	0.000000e+00	0.000000e+00
2.580000e+02	2.590000e+02	0.000000e+00	0.000000e+00	0.000000e+00
2.590000e+02	2.600000e+02	0.000000e+00	0.000000e+00	0.000000e+00
2.600000e+02	2.610000e+02	0.000000e+00	0.000000e+00	0.000000e+00
2.610000e+02	2.620000e+02	0.000000e+00	0.000000e+00	0.000000e+00
2.620000e+02	2.630000e+02	0.000000e+00	0.000000e+00	0.000000e+00
2.630000e+02	2.640000e+02	0.000000e+00	0.000000e+00	0.000000e+00
2.640000e+02	2.650000e+02	0.000000e+00	0.000000e+00	0.000000e+00
2.650000e+02	2.660000e+02	0.000000e+00	0.000000e+00	0.000000e+00
2.660000e+02	2.670000e+02	0.000000e+00	0.000000e+00	0.000000e+00
2.670000e+02	2.680000e+02	0.000000e+00	0.000000e+00	0.000000e+00
2.680000e+02	2.690000e+02	0.000000e+00	0.000000e+00	0.000000e+00
2.690000e+02	2.700000e+02	0.000000e+00	0.000000e+00	0.000000e+00
2.700000e+02	2.710000e+02	0.000000e+00	0.000000e+00	0.000000e+00
2.710000e+02	2.720000e+02	0.000000e+00	0.000000e+00	0.000000e+00
2.720000e+02	2.730000e+02	0.000000e+00	0.000000e+00	0.000000e+00
2.730000e+02	2.740000e+02	0.000000e+00	0.000000e+00	0.000000e+00
2.740000e+02	2.750000e+02	0.000000e+00	0.000000e+00	0.000000e+00
2.750000e+02	2.760000e+02	0.000000e+00	0.000000e+00	0.000000e+00
2.760000e+02	2.770000e+02	0.000000e+00	0.000000e+00	0.000000e+00
2.770000e+02	2.780000e+02	0.000000e+00	0.000000e+00	0.000000e+00
2.780000e+02	2.790000e+02	0.000000e+00	0.000000e+00	0.000000e+00
2.790000e+02	2.800000e+02	0.000000e+00	0.000000e+00	0.000000e+00
2.800000e+02	2.810000e+02	0.000000e+00	0.000000e+00	0.000000e+00
2.810000e+02	2.820000e+02	0.000000e+00	0.000000e+00	0.000000e+00
2.820000e+02	2.830000e+02	0.000000e+00	0.000000e+00	0.000000e+00
2.830000e+02	2.840000e+02	0.000000e+00	0.000000e+00	0.000000e+00
2.840000e+02	2.850000e+02	0.000000e+00	0.000000e+00	0.000000e+00
2.850000e+02	2.860000e+02	0.000000e+00	0.000000e+00	0.000000e+00
2.860000e+02	2.870000e+02	0.000000e+00	0.000000e+00	0.000000e+00
2.870000e+02	2.880000e+02	0.000000e+00	0.000000e+00	0.000000e+00
2.880000e+02	2.890000e+02	0.000000e+00	0.000000e+00	0.000000e+00
2.890000e+02	2.900000e+02	0.000000e+00	0.000000e+00	0.000000e+00
2.900000e+02	2.910000e+02	0.000000e+00	0.000000e+00	0.000000e+00
2.910000e+02	2.920000e+02	0.000000e+00	0.000000e+00	0.000000e+00
2.920000e+02	2.930000e+02	0.000000e+00	0.000000e+00	0.000000e+00
2.930000e+02	2.940000e+02	0.000000e+00	0.000000e+00	0.000000e+00
2.940000e+02	2.950000e+02	0.000000e+00	0.000000e+00	0.000000e+00
2.950000e+02	2.960000e+02	0.000000e+00	0.000000e+00	0.000000e+00
2.960000e+02	2.970000e+02	0.000000e+00	0.000000e+00	0.000000e+00
2.970000e+02	2.980000e+02	0.000000e+00	0.000000e+00	0.000000e+00
2.980000e+02	2.990000e+02	0.000000e+00	0.000000e+00	0.000000e+00
2.990000e+02	3.000000e+02	0.000000e+00	0.000000e+00	0.000000e+00
3.000000e+02	3.010000e+02	0.000000e+00	0.000000e+00	0.000000e+00
3.010000e+02	3.020000e+02	0.000000e+00	0.000000e+00	0.000000e+00
3.020000e+02	3.030000e+02	0.000000e+00	0.000000e+00	0.000000e+00
3.030000e+02	3.040000e+02	0.000000e+00	0.000000e+00	0.000000e+00
3.040000e+02	3.050000e+02	0.000000e+00	0.000000e+00	0.000000e+00
3.050000e+02	3.060000e+02	0.000000e+00	0.000000e+00	0.000000e+00
3.060000e+02	3.070000e+02	0.000000e+00	0.000000e+00	0.000000e+00
3.070000e+02	3.080000e+02	0.000000e+00	0.000000e+00	0.000000e+00
3.080000e+02	3.090000e+02	0.000000e+00	0.000000e+00	0.000000e+00
3.090000e+02	3.100000e+02	0.000000e+00	0.000000e+00	0.000000e+00
3.100000e+02	3.110000e+02	0.000000e+00	0.000000e+00	0.000000e+00
3.110000e+02	3.120000e+02	0.000000e+00	0.000000e+00	0.000000e+00
3.120000e+02	3.130000e+02	0.000000e+00	0.000000e+00	0.000000e+00
3.130000e+02	3.140000e+02	0.000000e+00	0.000000e+00	0.000000e+00
3.140000e+02	3.150000e+02	0.000000e+00	0.000000e+00	0.000000e+00
3.150000e+02	3.160000e+02	0.000000e+00	0.000000e+00	0.000000e+00
3.160000e+02	3.170000e+02	0.000000e+00	0.000000e+00	0.000000e+00
3.170000e+02	3.180000e+02	0.000000e+00	0.000000e+00	0.000000e+00
3.180000e+02	3.190000e+02	0.000000e+00	0.000000e+00	0.000000e+00
3.190000e+02	3.200000e+02	0.000000e+00	0.000000e+00	0.000000e+00
3.200000e+02	3.210000e+02	0.000000e+00	0.000000e+00	0.000000e+00
3.210000e+02	3.220000e+02	0.000000e+00	0.000000e+00	0.000000e+00
3.220000e+02	3.230000e+02	0.000000e+00	0.000000e+00	0.000000e+00
3.230000e+02	3.240000e+02	0.000000e+00	0.000000e+00	0.000000e+00
3.240000e+02	3.250000e+02	0.000000e+00	0.000000e+00	0.000000e+00
3.250000e+02	3.260000e+02	0.000000e+00	0.000000e+00	0.000000e+00
3.260000e+02	3.270000e+02	0.000000e+00	0.000000e+00	0.000000e+00
3.270000e+02	3.280000e+02	0.000000e+00	0.000000e+00	0.000000e+00
3.280000e+02	3.290000e+02	0.000000e+00	0.000000e+00	0.000000e+00
3.290000e+02	3.300000e+02	0.000000e+00	0.000000e+00	0.000000e+00
3.300000e+02	3.310000e+02	0.000000e+00	0.000000e+00	0.000000e+00
3.310000e+02	3.320000e+02	0.000000e+00	0.000000e+00	0.000000e+00
3.320000e+02	3.330000e+02	0.000000e+00	0.000000e+00	0.000000e+00
3.330000e+02	3.340000e+02	0.000000e+00	0.000000e+00	0.000000e+00
3.340000e+02	3.350000e+02	0.000000e+00	0.000000e+00	0.000000e+00
3.350000e+02	3.360000e+02	0.000000e+00	0.000000e+00	0.000000e+00
3.360000e+02	3.370000e+02	0.000000e+00	0.000000e+00	0.000000e+00
3.370000e+02	3.380000e+02	0.000000e+00	0.000000e+00	0.000000e+00
3.380000e+02	3.390000e+02	0.000000e+00	0.000000e+00	0.000000e+00
3.390000e+02	3.400000e+02	0.000000e+00	0.000000e+00	0.000000e+00
3.400000e+02	3.410000e+02	0.000000e+00	0.000000e+00	0.000000e+00
3.410000e+02	3.420000e+02	0.000000e+00	0.000000e+00	0.000000e+00
3.420000e+02	3.430000e+02	0.000000e+00	0.000000e+00	0.000000e+00
3.430000e+02	3.440000e+02	0.000000e+00	0.000000e+00	0.000000e+00
3.440000e+02	3.450000e+02	0.000000e+00	0.000000e+00	0.000000e+00
3.450000e+02	3.460000e+02	0.000000e+00	0.000000e+00	0.000000e+00
3.460000e+02	3.470000e+02	0.000000e+00	0.000000e+00	0.000000e+00
3.470000e+02	3.480000e+02	0.000000e+00	0.000000e+00	0.000000e+00
3.480000e+02	3.490000e+02	0.000000e+00	0.000000e+00	0.000000e+00
3.490000e+02	3.500000e+02	0.000000e+00	0.000000e+00	0.000000e+00
# END HISTO1D


# BEGIN HISTO1D //Users/zhupengxuan/Buding/mRC-variables/Code/bkgww240.yoda/CEPC_SMUON/hist_mll
LineColor=blue
LineStyle=solid
Path=//Users/zhupengxuan/Buding/mRC-variables/Code/bkgww240.yoda/CEPC_SMUON/hist_mll
ScaledBy=1.00000000000000000e+00
Title=bkgww240
# xlow	 xhigh	 val	 errminus	 errplus
0.000000e+00	1.000000e+00	0.000000e+00	0.000000e+00	0.000000e+00
1.000000e+00	2.000000e+00	0.000000e+00	0.000000e+00	0.000000e+00
2.000000e+00	3.000000e+00	0.000000e+00	0.000000e+00	0.000000e+00
3.000000e+00	4.000000e+00	0.000000e+00	0.000000e+00	0.000000e+00
4.000000e+00	5.000000e+00	0.000000e+00	0.000000e+00	0.000000e+00
5.000000e+00	6.000000e+00	1.939338e-01	1.939338e-01	1.939338e-01
6.000000e+00	7.000000e+00	0.000000e+00	0.000000e+00	0.000000e+00
7.000000e+00	8.000000e+00	0.000000e+00	0.000000e+00	0.000000e+00
8.000000e+00	9.000000e+00	1.939338e-01	1.939338e-01	1.939338e-01
9.000000e+00	1.000000e+01	1.939338e-01	1.939338e-01	1.939338e-01
1.000000e+01	1.100000e+01	5.818013e-01	3.359031e-01	3.359031e-01
1.100000e+01	1.200000e+01	7.757351e-01	3.878675e-01	3.878675e-01
1.200000e+01	1.300000e+01	9.696689e-01	4.336491e-01	4.336491e-01
1.300000e+01	1.400000e+01	5.818013e-01	3.359031e-01	3.359031e-01
1.400000e+01	1.500000e+01	1.163603e+00	4.750387e-01	4.750387e-01
1.500000e+01	1.600000e+01	9.696689e-01	4.336491e-01	4.336491e-01
1.600000e+01	1.700000e+01	2.133271e+00	6.432056e-01	6.432056e-01
1.700000e+01	1.800000e+01	1.551470e+00	5.485276e-01	5.485276e-01
1.800000e+01	1.900000e+01	1.163603e+00	4.750387e-01	4.750387e-01
1.900000e+01	2.000000e+01	9.696689e-01	4.336491e-01	4.336491e-01
2.000000e+01	2.100000e+01	1.357536e+00	5.131006e-01	5.131006e-01
2.100000e+01	2.200000e+01	1.939338e+00	6.132725e-01	6.132725e-01
2.200000e+01	2.300000e+01	2.327205e+00	6.718063e-01	6.718063e-01
2.300000e+01	2.400000e+01	1.939338e+00	6.132725e-01	6.132725e-01
2.400000e+01	2.500000e+01	2.715073e+00	7.256337e-01	7.256337e-01
2.500000e+01	2.600000e+01	2.327205e+00	6.718063e-01	6.718063e-01
2.600000e+01	2.700000e+01	2.909007e+00	7.511023e-01	7.511023e-01
2.700000e+01	2.800000e+01	2.715073e+00	7.256337e-01	7.256337e-01
2.800000e+01	2.900000e+01	2.521139e+00	6.992382e-01	6.992382e-01
2.900000e+01	3.000000e+01	1.939338e+00	6.132725e-01	6.132725e-01
3.000000e+01	3.100000e+01	3.684742e+00	8.453377e-01	8.453377e-01
3.100000e+01	3.200000e+01	3.684742e+00	8.453377e-01	8.453377e-01
3.200000e+01	3.300000e+01	4.266543e+00	9.096300e-01	9.096300e-01
3.300000e+01	3.400000e+01	3.102940e+00	7.757351e-01	7.757351e-01
3.400000e+01	3.500000e+01	4.654410e+00	9.500776e-01	9.500776e-01
3.500000e+01	3.600000e+01	3.878675e+00	8.672982e-01	8.672982e-01
3.600000e+01	3.700000e+01	2.909007e+00	7.511023e-01	7.511023e-01
3.700000e+01	3.800000e+01	2.521139e+00	6.992382e-01	6.992382e-01
3.800000e+01	3.900000e+01	4.266543e+00	9.096300e-01	9.096300e-01
3.900000e+01	4.000000e+01	3.296874e+00	7.996094e-01	7.996094e-01
4.000000e+01	4.100000e+01	2.327205e+00	6.718063e-01	6.718063e-01
4.100000e+01	4.200000e+01	4.266543e+00	9.096300e-01	9.096300e-01
4.200000e+01	4.300000e+01	3.296874e+00	7.996094e-01	7.996094e-01
4.300000e+01	4.400000e+01	3.102940e+00	7.757351e-01	7.757351e-01
4.400000e+01	4.500000e+01	2.715073e+00	7.256337e-01	7.256337e-01
4.500000e+01	4.600000e+01	3.296874e+00	7.996094e-01	7.996094e-01
4.600000e+01	4.700000e+01	2.909007e+00	7.511023e-01	7.511023e-01
4.700000e+01	4.800000e+01	3.878675e+00	8.672982e-01	8.672982e-01
4.800000e+01	4.900000e+01	4.460477e+00	9.300737e-01	9.300737e-01
4.900000e+01	5.000000e+01	3.490808e+00	8.227913e-01	8.227913e-01
5.000000e+01	5.100000e+01	5.042278e+00	9.888721e-01	9.888721e-01
5.100000e+01	5.200000e+01	3.684742e+00	8.453377e-01	8.453377e-01
5.200000e+01	5.300000e+01	5.430146e+00	1.026201e+00	1.026201e+00
5.300000e+01	5.400000e+01	3.296874e+00	7.996094e-01	7.996094e-01
5.400000e+01	5.500000e+01	4.460477e+00	9.300737e-01	9.300737e-01
5.500000e+01	5.600000e+01	4.848344e+00	9.696689e-01	9.696689e-01
5.600000e+01	5.700000e+01	5.042278e+00	9.888721e-01	9.888721e-01
5.700000e+01	5.800000e+01	4.654410e+00	9.500776e-01	9.500776e-01
5.800000e+01	5.900000e+01	4.460477e+00	9.300737e-01	9.300737e-01
5.900000e+01	6.000000e+01	4.266543e+00	9.096300e-01	9.096300e-01
6.000000e+01	6.100000e+01	5.236212e+00	1.007709e+00	1.007709e+00
6.100000e+01	6.200000e+01	5.042278e+00	9.888721e-01	9.888721e-01
6.200000e+01	6.300000e+01	6.593748e+00	1.130818e+00	1.130818e+00
6.300000e+01	6.400000e+01	4.266543e+00	9.096300e-01	9.096300e-01
6.400000e+01	6.500000e+01	5.042278e+00	9.888721e-01	9.888721e-01
6.500000e+01	6.600000e+01	5.430146e+00	1.026201e+00	1.026201e+00
6.600000e+01	6.700000e+01	5.818013e+00	1.062219e+00	1.062219e+00
6.700000e+01	6.800000e+01	3.878675e+00	8.672982e-01	8.672982e-01
6.800000e+01	6.900000e+01	4.848344e+00	9.696689e-01	9.696689e-01
6.900000e+01	7.000000e+01	7.175549e+00	1.179653e+00	1.179653e+00
7.000000e+01	7.100000e+01	4.654410e+00	9.500776e-01	9.500776e-01
7.100000e+01	7.200000e+01	3.878675e+00	8.672982e-01	8.672982e-01
7.200000e+01	7.300000e+01	6.593748e+00	1.130818e+00	1.130818e+00
7.300000e+01	7.400000e+01	6.981616e+00	1.163603e+00	1.163603e+00
7.400000e+01	7.500000e+01	5.430146e+00	1.026201e+00	1.026201e+00
7.500000e+01	7.600000e+01	5.818013e+00	1.062219e+00	1.062219e+00
7.600000e+01	7.700000e+01	4.848344e+00	9.696689e-01	9.696689e-01
7.700000e+01	7.800000e+01	6.399814e+00	1.114065e+00	1.114065e+00
7.800000e+01	7.900000e+01	5.236212e+00	1.007709e+00	1.007709e+00
7.900000e+01	8.000000e+01	5.624079e+00	1.044365e+00	1.044365e+00
8.000000e+01	8.100000e+01	7.369483e+00	1.195488e+00	1.195488e+00
8.100000e+01	8.200000e+01	5.624079e+00	1.044365e+00	1.044365e+00
8.200000e+01	8.300000e+01	7.175549e+00	1.179653e+00	1.179653e+00
8.300000e+01	8.400000e+01	7.563417e+00	1.211116e+00	1.211116e+00
8.400000e+01	8.500000e+01	6.205881e+00	1.097055e+00	1.097055e+00
8.500000e+01	8.600000e+01	9.308821e+00	1.343613e+00	1.343613e+00
8.600000e+01	8.700000e+01	6.399814e+00	1.114065e+00	1.114065e+00
8.700000e+01	8.800000e+01	7.369483e+00	1.195488e+00	1.195488e+00
8.800000e+01	8.900000e+01	6.011947e+00	1.079778e+00	1.079778e+00
8.900000e+01	9.000000e+01	6.011947e+00	1.079778e+00	1.079778e+00
9.000000e+01	9.100000e+01	6.205881e+00	1.097055e+00	1.097055e+00
9.100000e+01	9.200000e+01	6.981616e+00	1.163603e+00	1.163603e+00
9.200000e+01	9.300000e+01	7.757351e+00	1.226545e+00	1.226545e+00
9.300000e+01	9.400000e+01	1.086029e+01	1.451267e+00	1.451267e+00
9.400000e+01	9.500000e+01	9.308821e+00	1.343613e+00	1.343613e+00
9.500000e+01	9.600000e+01	9.696688e+00	1.371319e+00	1.371319e+00
9.600000e+01	9.700000e+01	9.114887e+00	1.329543e+00	1.329543e+00
9.700000e+01	9.800000e+01	8.727020e+00	1.300947e+00	1.300947e+00
9.800000e+01	9.900000e+01	8.145218e+00	1.256835e+00	1.256835e+00
9.900000e+01	1.000000e+02	1.027849e+01	1.411859e+00	1.411859e+00
1.000000e+02	1.010000e+02	8.339152e+00	1.271709e+00	1.271709e+00
1.010000e+02	1.020000e+02	9.308821e+00	1.343613e+00	1.343613e+00
1.020000e+02	1.030000e+02	1.163603e+01	1.502204e+00	1.502204e+00
1.030000e+02	1.040000e+02	7.951285e+00	1.241782e+00	1.241782e+00
1.040000e+02	1.050000e+02	7.369483e+00	1.195488e+00	1.195488e+00
1.050000e+02	1.060000e+02	7.563417e+00	1.211116e+00	1.211116e+00
1.060000e+02	1.070000e+02	1.376930e+01	1.634115e+00	1.634115e+00
1.070000e+02	1.080000e+02	9.890622e+00	1.384964e+00	1.384964e+00
1.080000e+02	1.090000e+02	9.502755e+00	1.357536e+00	1.357536e+00
1.090000e+02	1.100000e+02	9.696688e+00	1.371319e+00	1.371319e+00
1.100000e+02	1.110000e+02	1.047242e+01	1.425116e+00	1.425116e+00
1.110000e+02	1.120000e+02	9.890622e+00	1.384964e+00	1.384964e+00
1.120000e+02	1.130000e+02	8.339152e+00	1.271709e+00	1.271709e+00
1.130000e+02	1.140000e+02	1.279963e+01	1.575525e+00	1.575525e+00
1.140000e+02	1.150000e+02	8.533086e+00	1.286411e+00	1.286411e+00
1.150000e+02	1.160000e+02	1.124816e+01	1.476956e+00	1.476956e+00
1.160000e+02	1.170000e+02	1.086029e+01	1.451267e+00	1.451267e+00
1.170000e+02	1.180000e+02	9.890622e+00	1.384964e+00	1.384964e+00
1.180000e+02	1.190000e+02	1.338143e+01	1.610935e+00	1.610935e+00
1.190000e+02	1.200000e+02	1.086029e+01	1.451267e+00	1.451267e+00
1.200000e+02	1.210000e+02	1.086029e+01	1.451267e+00	1.451267e+00
1.210000e+02	1.220000e+02	1.027849e+01	1.411859e+00	1.411859e+00
1.220000e+02	1.230000e+02	1.260570e+01	1.563544e+00	1.563544e+00
1.230000e+02	1.240000e+02	1.221783e+01	1.539301e+00	1.539301e+00
1.240000e+02	1.250000e+02	1.454503e+01	1.679516e+00	1.679516e+00
1.250000e+02	1.260000e+02	1.299356e+01	1.587416e+00	1.587416e+00
1.260000e+02	1.270000e+02	1.260570e+01	1.563544e+00	1.563544e+00
1.270000e+02	1.280000e+02	1.396323e+01	1.645583e+00	1.645583e+00
1.280000e+02	1.290000e+02	1.357536e+01	1.622566e+00	1.622566e+00
1.290000e+02	1.300000e+02	1.318750e+01	1.599219e+00	1.599219e+00
1.300000e+02	1.310000e+02	1.493290e+01	1.701762e+00	1.701762e+00
1.310000e+02	1.320000e+02	1.357536e+01	1.622566e+00	1.622566e+00
1.320000e+02	1.330000e+02	1.512683e+01	1.712777e+00	1.712777e+00
1.330000e+02	1.340000e+02	1.687224e+01	1.808894e+00	1.808894e+00
1.340000e+02	1.350000e+02	1.396323e+01	1.645583e+00	1.645583e+00
1.350000e+02	1.360000e+02	1.338143e+01	1.610935e+00	1.610935e+00
1.360000e+02	1.370000e+02	1.376930e+01	1.634115e+00	1.634115e+00
1.370000e+02	1.380000e+02	1.551470e+01	1.734596e+00	1.734596e+00
1.380000e+02	1.390000e+02	1.357536e+01	1.622566e+00	1.622566e+00
1.390000e+02	1.400000e+02	1.726011e+01	1.829567e+00	1.829567e+00
1.400000e+02	1.410000e+02	1.784191e+01	1.860147e+00	1.860147e+00
1.410000e+02	1.420000e+02	2.075091e+01	2.006067e+00	2.006067e+00
1.420000e+02	1.430000e+02	1.726011e+01	1.829567e+00	1.829567e+00
1.430000e+02	1.440000e+02	1.706617e+01	1.819260e+00	1.819260e+00
1.440000e+02	1.450000e+02	1.648437e+01	1.787981e+00	1.787981e+00
1.450000e+02	1.460000e+02	1.454503e+01	1.679516e+00	1.679516e+00
1.460000e+02	1.470000e+02	1.764797e+01	1.850010e+00	1.850010e+00
1.470000e+02	1.480000e+02	1.435110e+01	1.668281e+00	1.668281e+00
1.480000e+02	1.490000e+02	1.919944e+01	1.929617e+00	1.929617e+00
1.490000e+02	1.500000e+02	1.784191e+01	1.860147e+00	1.860147e+00
1.500000e+02	1.510000e+02	1.939338e+01	1.939338e+00	1.939338e+00
1.510000e+02	1.520000e+02	1.609650e+01	1.766821e+00	1.766821e+00
1.520000e+02	1.530000e+02	1.512683e+01	1.712777e+00	1.712777e+00
1.530000e+02	1.540000e+02	1.687224e+01	1.808894e+00	1.808894e+00
1.540000e+02	1.550000e+02	1.532077e+01	1.723721e+00	1.723721e+00
1.550000e+02	1.560000e+02	1.803584e+01	1.870230e+00	1.870230e+00
1.560000e+02	1.570000e+02	1.958731e+01	1.949010e+00	1.949010e+00
1.570000e+02	1.580000e+02	1.706617e+01	1.819260e+00	1.819260e+00
1.580000e+02	1.590000e+02	1.764797e+01	1.850010e+00	1.850010e+00
1.590000e+02	1.600000e+02	1.590257e+01	1.756145e+00	1.756145e+00
1.600000e+02	1.610000e+02	1.299356e+01	1.587416e+00	1.587416e+00
1.610000e+02	1.620000e+02	1.493290e+01	1.701762e+00	1.701762e+00
1.620000e+02	1.630000e+02	1.842371e+01	1.890233e+00	1.890233e+00
1.630000e+02	1.640000e+02	1.861764e+01	1.900155e+00	1.900155e+00
1.640000e+02	1.650000e+02	2.055698e+01	1.996670e+00	1.996670e+00
1.650000e+02	1.660000e+02	1.532077e+01	1.723721e+00	1.723721e+00
1.660000e+02	1.670000e+02	1.687224e+01	1.808894e+00	1.808894e+00
1.670000e+02	1.680000e+02	1.396323e+01	1.645583e+00	1.645583e+00
1.680000e+02	1.690000e+02	1.318750e+01	1.599219e+00	1.599219e+00
1.690000e+02	1.700000e+02	1.900551e+01	1.919846e+00	1.919846e+00
1.700000e+02	1.710000e+02	1.900551e+01	1.919846e+00	1.919846e+00
1.710000e+02	1.720000e+02	1.570864e+01	1.745404e+00	1.745404e+00
1.720000e+02	1.730000e+02	1.493290e+01	1.701762e+00	1.701762e+00
1.730000e+02	1.740000e+02	1.609650e+01	1.766821e+00	1.766821e+00
1.740000e+02	1.750000e+02	1.764797e+01	1.850010e+00	1.850010e+00
1.750000e+02	1.760000e+02	1.299356e+01	1.587416e+00	1.587416e+00
1.760000e+02	1.770000e+02	1.260570e+01	1.563544e+00	1.563544e+00
1.770000e+02	1.780000e+02	1.473897e+01	1.690675e+00	1.690675e+00
1.780000e+02	1.790000e+02	1.803584e+01	1.870230e+00	1.870230e+00
1.790000e+02	1.800000e+02	1.570864e+01	1.745404e+00	1.745404e+00
1.800000e+02	1.810000e+02	1.376930e+01	1.634115e+00	1.634115e+00
1.810000e+02	1.820000e+02	1.532077e+01	1.723721e+00	1.723721e+00
1.820000e+02	1.830000e+02	1.532077e+01	1.723721e+00	1.723721e+00
1.830000e+02	1.840000e+02	1.260570e+01	1.563544e+00	1.563544e+00
1.840000e+02	1.850000e+02	1.357536e+01	1.622566e+00	1.622566e+00
1.850000e+02	1.860000e+02	1.415717e+01	1.656971e+00	1.656971e+00
1.860000e+02	1.870000e+02	1.415717e+01	1.656971e+00	1.656971e+00
1.870000e+02	1.880000e+02	1.241176e+01	1.551470e+00	1.551470e+00
1.880000e+02	1.890000e+02	1.299356e+01	1.587416e+00	1.587416e+00
1.890000e+02	1.900000e+02	1.047242e+01	1.425116e+00	1.425116e+00
1.900000e+02	1.910000e+02	9.696688e+00	1.371319e+00	1.371319e+00
1.910000e+02	1.920000e+02	1.299356e+01	1.587416e+00	1.587416e+00
1.920000e+02	1.930000e+02	1.066636e+01	1.438251e+00	1.438251e+00
1.930000e+02	1.940000e+02	7.563417e+00	1.211116e+00	1.211116e+00
1.940000e+02	1.950000e+02	1.086029e+01	1.451267e+00	1.451267e+00
1.950000e+02	1.960000e+02	1.066636e+01	1.438251e+00	1.438251e+00
1.960000e+02	1.970000e+02	1.008456e+01	1.398476e+00	1.398476e+00
1.970000e+02	1.980000e+02	8.727020e+00	1.300947e+00	1.300947e+00
1.980000e+02	1.990000e+02	5.624079e+00	1.044365e+00	1.044365e+00
1.990000e+02	2.000000e+02	7.951285e+00	1.241782e+00	1.241782e+00
2.000000e+02	2.010000e+02	5.236212e+00	1.007709e+00	1.007709e+00
2.010000e+02	2.020000e+02	6.205881e+00	1.097055e+00	1.097055e+00
2.020000e+02	2.030000e+02	3.684742e+00	8.453377e-01	8.453377e-01
2.030000e+02	2.040000e+02	3.878675e+00	8.672982e-01	8.672982e-01
2.040000e+02	2.050000e+02	2.521139e+00	6.992382e-01	6.992382e-01
2.050000e+02	2.060000e+02	3.490808e+00	8.227913e-01	8.227913e-01
2.060000e+02	2.070000e+02	2.521139e+00	6.992382e-01	6.992382e-01
2.070000e+02	2.080000e+02	7.757351e-01	3.878675e-01	3.878675e-01
2.080000e+02	2.090000e+02	9.696689e-01	4.336491e-01	4.336491e-01
2.090000e+02	2.100000e+02	0.000000e+00	0.000000e+00	0.000000e+00
2.100000e+02	2.110000e+02	0.000000e+00	0.000000e+00	0.000000e+00
2.110000e+02	2.120000e+02	0.000000e+00	0.000000e+00	0.000000e+00
2.120000e+02	2.130000e+02	3.878675e-01	2.742638e-01	2.742638e-01
2.130000e+02	2.140000e+02	0.000000e+00	0.000000e+00	0.000000e+00
2.140000e+02	2.150000e+02	0.000000e+00	0.000000e+00	0.000000e+00
2.150000e+02	2.160000e+02	0.000000e+00	0.000000e+00	0.000000e+00
2.160000e+02	2.170000e+02	0.000000e+00	0.000000e+00	0.000000e+00
2.170000e+02	2.180000e+02	0.000000e+00	0.000000e+00	0.000000e+00
2.180000e+02	2.190000e+02	0.000000e+00	0.000000e+00	0.000000e+00
2.190000e+02	2.200000e+02	0.000000e+00	0.000000e+00	0.000000e+00
2.200000e+02	2.210000e+02	0.000000e+00	0.000000e+00	0.000000e+00
2.210000e+02	2.220000e+02	0.000000e+00	0.000000e+00	0.000000e+00
2.220000e+02	2.230000e+02	0.000000e+00	0.000000e+00	0.000000e+00
2.230000e+02	2.240000e+02	0.000000e+00	0.000000e+00	0.000000e+00
2.240000e+02	2.250000e+02	0.000000e+00	0.000000e+00	0.000000e+00
2.250000e+02	2.260000e+02	0.000000e+00	0.000000e+00	0.000000e+00
2.260000e+02	2.270000e+02	0.000000e+00	0.000000e+00	0.000000e+00
2.270000e+02	2.280000e+02	0.000000e+00	0.000000e+00	0.000000e+00
2.280000e+02	2.290000e+02	0.000000e+00	0.000000e+00	0.000000e+00
2.290000e+02	2.300000e+02	0.000000e+00	0.000000e+00	0.000000e+00
2.300000e+02	2.310000e+02	0.000000e+00	0.000000e+00	0.000000e+00
2.310000e+02	2.320000e+02	0.000000e+00	0.000000e+00	0.000000e+00
2.320000e+02	2.330000e+02	0.000000e+00	0.000000e+00	0.000000e+00
2.330000e+02	2.340000e+02	0.000000e+00	0.000000e+00	0.000000e+00
2.340000e+02	2.350000e+02	0.000000e+00	0.000000e+00	0.000000e+00
2.350000e+02	2.360000e+02	0.000000e+00	0.000000e+00	0.000000e+00
2.360000e+02	2.370000e+02	0.000000e+00	0.000000e+00	0.000000e+00
2.370000e+02	2.380000e+02	0.000000e+00	0.000000e+00	0.000000e+00
2.380000e+02	2.390000e+02	0.000000e+00	0.000000e+00	0.000000e+00
2.390000e+02	2.400000e+02	0.000000e+00	0.000000e+00	0.000000e+00
2.400000e+02	2.410000e+02	0.000000e+00	0.000000e+00	0.000000e+00
2.410000e+02	2.420000e+02	0.000000e+00	0.000000e+00	0.000000e+00
2.420000e+02	2.430000e+02	0.000000e+00	0.000000e+00	0.000000e+00
2.430000e+02	2.440000e+02	0.000000e+00	0.000000e+00	0.000000e+00
2.440000e+02	2.450000e+02	0.000000e+00	0.000000e+00	0.000000e+00
2.450000e+02	2.460000e+02	0.000000e+00	0.000000e+00	0.000000e+00
2.460000e+02	2.470000e+02	0.000000e+00	0.000000e+00	0.000000e+00
2.470000e+02	2.480000e+02	0.000000e+00	0.000000e+00	0.000000e+00
2.480000e+02	2.490000e+02	0.000000e+00	0.000000e+00	0.000000e+00
2.490000e+02	2.500000e+02	0.000000e+00	0.000000e+00	0.000000e+00
2.500000e+02	2.510000e+02	0.000000e+00	0.000000e+00	0.000000e+00
2.510000e+02	2.520000e+02	0.000000e+00	0.000000e+00	0.000000e+00
2.520000e+02	2.530000e+02	0.000000e+00	0.000000e+00	0.000000e+00
2.530000e+02	2.540000e+02	0.000000e+00	0.000000e+00	0.000000e+00
2.540000e+02	2.550000e+02	0.000000e+00	0.000000e+00	0.000000e+00
2.550000e+02	2.560000e+02	0.000000e+00	0.000000e+00	0.000000e+00
2.560000e+02	2.570000e+02	0.000000e+00	0.000000e+00	0.000000e+00
2.570000e+02	2.580000e+02	0.000000e+00	0.000000e+00	0.000000e+00
2.580000e+02	2.590000e+02	0.000000e+00	0.000000e+00	0.000000e+00
2.590000e+02	2.600000e+02	0.000000e+00	0.000000e+00	0.000000e+00
2.600000e+02	2.610000e+02	0.000000e+00	0.000000e+00	0.000000e+00
2.610000e+02	2.620000e+02	0.000000e+00	0.000000e+00	0.000000e+00
2.620000e+02	2.630000e+02	0.000000e+00	0.000000e+00	0.000000e+00
2.630000e+02	2.640000e+02	0.000000e+00	0.000000e+00	0.000000e+00
2.640000e+02	2.650000e+02	0.000000e+00	0.000000e+00	0.000000e+00
2.650000e+02	2.660000e+02	0.000000e+00	0.000000e+00	0.000000e+00
2.660000e+02	2.670000e+02	0.000000e+00	0.000000e+00	0.000000e+00
2.670000e+02	2.680000e+02	0.000000e+00	0.000000e+00	0.000000e+00
2.680000e+02	2.690000e+02	0.000000e+00	0.000000e+00	0.000000e+00
2.690000e+02	2.700000e+02	0.000000e+00	0.000000e+00	0.000000e+00
2.700000e+02	2.710000e+02	0.000000e+00	0.000000e+00	0.000000e+00
2.710000e+02	2.720000e+02	0.000000e+00	0.000000e+00	0.000000e+00
2.720000e+02	2.730000e+02	0.000000e+00	0.000000e+00	0.000000e+00
2.730000e+02	2.740000e+02	0.000000e+00	0.000000e+00	0.000000e+00
2.740000e+02	2.750000e+02	0.000000e+00	0.000000e+00	0.000000e+00
2.750000e+02	2.760000e+02	0.000000e+00	0.000000e+00	0.000000e+00
2.760000e+02	2.770000e+02	0.000000e+00	0.000000e+00	0.000000e+00
2.770000e+02	2.780000e+02	0.000000e+00	0.000000e+00	0.000000e+00
2.780000e+02	2.790000e+02	0.000000e+00	0.000000e+00	0.000000e+00
2.790000e+02	2.800000e+02	0.000000e+00	0.000000e+00	0.000000e+00
2.800000e+02	2.810000e+02	0.000000e+00	0.000000e+00	0.000000e+00
2.810000e+02	2.820000e+02	0.000000e+00	0.000000e+00	0.000000e+00
2.820000e+02	2.830000e+02	0.000000e+00	0.000000e+00	0.000000e+00
2.830000e+02	2.840000e+02	0.000000e+00	0.000000e+00	0.000000e+00
2.840000e+02	2.850000e+02	0.000000e+00	0.000000e+00	0.000000e+00
2.850000e+02	2.860000e+02	0.000000e+00	0.000000e+00	0.000000e+00
2.860000e+02	2.870000e+02	0.000000e+00	0.000000e+00	0.000000e+00
2.870000e+02	2.880000e+02	0.000000e+00	0.000000e+00	0.000000e+00
2.880000e+02	2.890000e+02	0.000000e+00	0.000000e+00	0.000000e+00
2.890000e+02	2.900000e+02	0.000000e+00	0.000000e+00	0.000000e+00
2.900000e+02	2.910000e+02	0.000000e+00	0.000000e+00	0.000000e+00
2.910000e+02	2.920000e+02	0.000000e+00	0.000000e+00	0.000000e+00
2.920000e+02	2.930000e+02	0.000000e+00	0.000000e+00	0.000000e+00
2.930000e+02	2.940000e+02	0.000000e+00	0.000000e+00	0.000000e+00
2.940000e+02	2.950000e+02	0.000000e+00	0.000000e+00	0.000000e+00
2.950000e+02	2.960000e+02	0.000000e+00	0.000000e+00	0.000000e+00
2.960000e+02	2.970000e+02	0.000000e+00	0.000000e+00	0.000000e+00
2.970000e+02	2.980000e+02	0.000000e+00	0.000000e+00	0.000000e+00
2.980000e+02	2.990000e+02	0.000000e+00	0.000000e+00	0.000000e+00
2.990000e+02	3.000000e+02	0.000000e+00	0.000000e+00	0.000000e+00
3.000000e+02	3.010000e+02	0.000000e+00	0.000000e+00	0.000000e+00
3.010000e+02	3.020000e+02	0.000000e+00	0.000000e+00	0.000000e+00
3.020000e+02	3.030000e+02	0.000000e+00	0.000000e+00	0.000000e+00
3.030000e+02	3.040000e+02	0.000000e+00	0.000000e+00	0.000000e+00
3.040000e+02	3.050000e+02	0.000000e+00	0.000000e+00	0.000000e+00
3.050000e+02	3.060000e+02	0.000000e+00	0.000000e+00	0.000000e+00
3.060000e+02	3.070000e+02	0.000000e+00	0.000000e+00	0.000000e+00
3.070000e+02	3.080000e+02	0.000000e+00	0.000000e+00	0.000000e+00
3.080000e+02	3.090000e+02	0.000000e+00	0.000000e+00	0.000000e+00
3.090000e+02	3.100000e+02	0.000000e+00	0.000000e+00	0.000000e+00
3.100000e+02	3.110000e+02	0.000000e+00	0.000000e+00	0.000000e+00
3.110000e+02	3.120000e+02	0.000000e+00	0.000000e+00	0.000000e+00
3.120000e+02	3.130000e+02	0.000000e+00	0.000000e+00	0.000000e+00
3.130000e+02	3.140000e+02	0.000000e+00	0.000000e+00	0.000000e+00
3.140000e+02	3.150000e+02	0.000000e+00	0.000000e+00	0.000000e+00
3.150000e+02	3.160000e+02	0.000000e+00	0.000000e+00	0.000000e+00
3.160000e+02	3.170000e+02	0.000000e+00	0.000000e+00	0.000000e+00
3.170000e+02	3.180000e+02	0.000000e+00	0.000000e+00	0.000000e+00
3.180000e+02	3.190000e+02	0.000000e+00	0.000000e+00	0.000000e+00
3.190000e+02	3.200000e+02	0.000000e+00	0.000000e+00	0.000000e+00
3.200000e+02	3.210000e+02	0.000000e+00	0.000000e+00	0.000000e+00
3.210000e+02	3.220000e+02	0.000000e+00	0.000000e+00	0.000000e+00
3.220000e+02	3.230000e+02	0.000000e+00	0.000000e+00	0.000000e+00
3.230000e+02	3.240000e+02	0.000000e+00	0.000000e+00	0.000000e+00
3.240000e+02	3.250000e+02	0.000000e+00	0.000000e+00	0.000000e+00
3.250000e+02	3.260000e+02	0.000000e+00	0.000000e+00	0.000000e+00
3.260000e+02	3.270000e+02	0.000000e+00	0.000000e+00	0.000000e+00
3.270000e+02	3.280000e+02	0.000000e+00	0.000000e+00	0.000000e+00
3.280000e+02	3.290000e+02	0.000000e+00	0.000000e+00	0.000000e+00
3.290000e+02	3.300000e+02	0.000000e+00	0.000000e+00	0.000000e+00
3.300000e+02	3.310000e+02	0.000000e+00	0.000000e+00	0.000000e+00
3.310000e+02	3.320000e+02	0.000000e+00	0.000000e+00	0.000000e+00
3.320000e+02	3.330000e+02	0.000000e+00	0.000000e+00	0.000000e+00
3.330000e+02	3.340000e+02	0.000000e+00	0.000000e+00	0.000000e+00
3.340000e+02	3.350000e+02	0.000000e+00	0.000000e+00	0.000000e+00
3.350000e+02	3.360000e+02	0.000000e+00	0.000000e+00	0.000000e+00
3.360000e+02	3.370000e+02	0.000000e+00	0.000000e+00	0.000000e+00
3.370000e+02	3.380000e+02	0.000000e+00	0.000000e+00	0.000000e+00
3.380000e+02	3.390000e+02	0.000000e+00	0.000000e+00	0.000000e+00
3.390000e+02	3.400000e+02	0.000000e+00	0.000000e+00	0.000000e+00
3.400000e+02	3.410000e+02	0.000000e+00	0.000000e+00	0.000000e+00
3.410000e+02	3.420000e+02	0.000000e+00	0.000000e+00	0.000000e+00
3.420000e+02	3.430000e+02	0.000000e+00	0.000000e+00	0.000000e+00
3.430000e+02	3.440000e+02	0.000000e+00	0.000000e+00	0.000000e+00
3.440000e+02	3.450000e+02	0.000000e+00	0.000000e+00	0.000000e+00
3.450000e+02	3.460000e+02	0.000000e+00	0.000000e+00	0.000000e+00
3.460000e+02	3.470000e+02	0.000000e+00	0.000000e+00	0.000000e+00
3.470000e+02	3.480000e+02	0.000000e+00	0.000000e+00	0.000000e+00
3.480000e+02	3.490000e+02	0.000000e+00	0.000000e+00	0.000000e+00
3.490000e+02	3.500000e+02	0.000000e+00	0.000000e+00	0.000000e+00
# END HISTO1D

