##& xmin & xmax & central value & dy & 

<histogram> 100 "log10d01 [] |X_AXIS@LIN |Y_AXIS@LOG |JETSAMPLE@0"
  +0.0000000e+00   +3.0000000e-02   +0.0000000e+00   +0.0000000e+00
  +3.0000000e-02   +6.0000000e-02   +2.6332000e-11   +2.6332000e-11
  +6.0000000e-02   +9.0000000e-02   +2.6332000e-11   +2.6332000e-11
  +9.0000000e-02   +1.2000000e-01   +0.0000000e+00   +0.0000000e+00
  +1.2000000e-01   +1.5000000e-01   +0.0000000e+00   +0.0000000e+00
  +1.5000000e-01   +1.8000000e-01   +2.6332000e-11   +2.6332000e-11
  +1.8000000e-01   +2.1000000e-01   +5.2664000e-11   +3.7239072e-11
  +2.1000000e-01   +2.4000000e-01   +5.2664000e-11   +3.7239072e-11
  +2.4000000e-01   +2.7000000e-01   +0.0000000e+00   +0.0000000e+00
  +2.7000000e-01   +3.0000000e-01   +5.2664000e-11   +3.7239072e-11
  +3.0000000e-01   +3.3000000e-01   +1.0532800e-10   +5.2664000e-11
  +3.3000000e-01   +3.6000000e-01   +5.2664000e-11   +3.7239072e-11
  +3.6000000e-01   +3.9000000e-01   +7.8996000e-11   +4.5608362e-11
  +3.9000000e-01   +4.2000000e-01   +2.6332000e-11   +2.6332000e-11
  +4.2000000e-01   +4.5000000e-01   +1.3166000e-10   +5.8880142e-11
  +4.5000000e-01   +4.8000000e-01   +1.3166000e-10   +5.8880142e-11
  +4.8000000e-01   +5.1000000e-01   +1.0532800e-10   +5.2664000e-11
  +5.1000000e-01   +5.4000000e-01   +1.8432300e-10   +6.9667885e-11
  +5.4000000e-01   +5.7000000e-01   +2.1065400e-10   +7.4478072e-11
  +5.7000000e-01   +6.0000000e-01   +7.8995000e-11   +4.5608303e-11
  +6.0000000e-01   +6.3000000e-01   +2.6332000e-11   +2.6332000e-11
  +6.3000000e-01   +6.6000000e-01   +1.5799100e-10   +6.4499923e-11
  +6.6000000e-01   +6.9000000e-01   +2.6331800e-10   +8.3269031e-11
  +6.9000000e-01   +7.2000000e-01   +2.6331800e-10   +8.3269031e-11
  +7.2000000e-01   +7.5000000e-01   +3.1598100e-10   +9.1216636e-11
  +7.5000000e-01   +7.8000000e-01   +1.8432300e-10   +6.9667885e-11
  +7.8000000e-01   +8.1000000e-01   +3.6864400e-10   +9.8525074e-11
  +8.1000000e-01   +8.4000000e-01   +2.8965000e-10   +8.7333303e-11
  +8.4000000e-01   +8.7000000e-01   +3.9497900e-10   +1.0198267e-10
  +8.7000000e-01   +9.0000000e-01   +3.1598400e-10   +9.1216088e-11
  +9.0000000e-01   +9.3000000e-01   +3.4231400e-10   +9.4941174e-11
  +9.3000000e-01   +9.6000000e-01   +5.2663300e-10   +1.1775989e-10
  +9.6000000e-01   +9.9000000e-01   +6.3196200e-10   +1.2899948e-10
  +9.9000000e-01   +1.0200000e+00   +8.9528800e-10   +1.5353887e-10
  +1.0200000e+00   +1.0500000e+00   +5.5296800e-10   +1.2066770e-10
  +1.0500000e+00   +1.0800000e+00   +9.7427800e-10   +1.6016983e-10
  +1.0800000e+00   +1.1100000e+00   +1.3165990e-09   +1.8619279e-10
  +1.1100000e+00   +1.1400000e+00   +1.0269430e-09   +1.6444167e-10
  +1.1400000e+00   +1.1700000e+00   +1.6589150e-09   +2.0900055e-10
  +1.1700000e+00   +1.2000000e+00   +2.0538740e-09   +2.3255453e-10
  +1.2000000e+00   +1.2300000e+00   +2.2381930e-09   +2.4276541e-10
  +1.2300000e+00   +1.2600000e+00   +2.6068300e-09   +2.6199597e-10
  +1.2600000e+00   +1.2900000e+00   +3.4494300e-09   +3.0138010e-10
  +1.2900000e+00   +1.3200000e+00   +4.8186700e-09   +3.5620750e-10
  +1.3200000e+00   +1.3500000e+00   +5.5296200e-09   +3.8158365e-10
  +1.3500000e+00   +1.3800000e+00   +6.9778800e-09   +4.2865306e-10
  +1.3800000e+00   +1.4100000e+00   +8.0311200e-09   +4.5986423e-10
  +1.4100000e+00   +1.4400000e+00   +9.2950600e-09   +4.9473438e-10
  +1.4400000e+00   +1.4700000e+00   +1.1006590e-08   +5.3835206e-10
  +1.4700000e+00   +1.5000000e+00   +1.2217860e-08   +5.6719357e-10
  +1.5000000e+00   +1.5300000e+00   +1.3402690e-08   +5.9406720e-10
  +1.5300000e+00   +1.5600000e+00   +1.3771420e-08   +6.0217677e-10
  +1.5600000e+00   +1.5900000e+00   +1.5114360e-08   +6.3086095e-10
  +1.5900000e+00   +1.6200000e+00   +1.4614060e-08   +6.2033161e-10
  +1.6200000e+00   +1.6500000e+00   +1.4534970e-08   +6.1865195e-10
  +1.6500000e+00   +1.6800000e+00   +1.4535140e-08   +6.1865862e-10
  +1.6800000e+00   +1.7100000e+00   +1.4377080e-08   +6.1527557e-10
  +1.7100000e+00   +1.7400000e+00   +1.1691230e-08   +5.5484129e-10
  +1.7400000e+00   +1.7700000e+00   +1.1533230e-08   +5.5107882e-10
  +1.7700000e+00   +1.8000000e+00   +1.0558970e-08   +5.2729169e-10
  +1.8000000e+00   +1.8300000e+00   +8.8474300e-09   +4.8267310e-10
  +1.8300000e+00   +1.8600000e+00   +7.8995000e-09   +4.5608219e-10
  +1.8600000e+00   +1.8900000e+00   +5.7666100e-09   +3.8967353e-10
  +1.8900000e+00   +1.9200000e+00   +4.4500350e-09   +3.4230981e-10
  +1.9200000e+00   +1.9500000e+00   +2.5541760e-09   +2.5933635e-10
  +1.9500000e+00   +1.9800000e+00   +1.6062460e-09   +2.0565659e-10
  +1.9800000e+00   +2.0100000e+00   +6.3196800e-10   +1.2899851e-10
  +2.0100000e+00   +2.0400000e+00   +7.8996000e-11   +4.5608362e-11
  +2.0400000e+00   +2.0700000e+00   +0.0000000e+00   +0.0000000e+00
  +2.0700000e+00   +2.1000000e+00   +0.0000000e+00   +0.0000000e+00
  +2.1000000e+00   +2.1300000e+00   +0.0000000e+00   +0.0000000e+00
  +2.1300000e+00   +2.1600000e+00   +0.0000000e+00   +0.0000000e+00
  +2.1600000e+00   +2.1900000e+00   +0.0000000e+00   +0.0000000e+00
  +2.1900000e+00   +2.2200000e+00   +0.0000000e+00   +0.0000000e+00
  +2.2200000e+00   +2.2500000e+00   +0.0000000e+00   +0.0000000e+00
  +2.2500000e+00   +2.2800000e+00   +0.0000000e+00   +0.0000000e+00
  +2.2800000e+00   +2.3100000e+00   +0.0000000e+00   +0.0000000e+00
  +2.3100000e+00   +2.3400000e+00   +0.0000000e+00   +0.0000000e+00
  +2.3400000e+00   +2.3700000e+00   +0.0000000e+00   +0.0000000e+00
  +2.3700000e+00   +2.4000000e+00   +0.0000000e+00   +0.0000000e+00
  +2.4000000e+00   +2.4300000e+00   +0.0000000e+00   +0.0000000e+00
  +2.4300000e+00   +2.4600000e+00   +0.0000000e+00   +0.0000000e+00
  +2.4600000e+00   +2.4900000e+00   +0.0000000e+00   +0.0000000e+00
  +2.4900000e+00   +2.5200000e+00   +0.0000000e+00   +0.0000000e+00
  +2.5200000e+00   +2.5500000e+00   +0.0000000e+00   +0.0000000e+00
  +2.5500000e+00   +2.5800000e+00   +0.0000000e+00   +0.0000000e+00
  +2.5800000e+00   +2.6100000e+00   +0.0000000e+00   +0.0000000e+00
  +2.6100000e+00   +2.6400000e+00   +0.0000000e+00   +0.0000000e+00
  +2.6400000e+00   +2.6700000e+00   +0.0000000e+00   +0.0000000e+00
  +2.6700000e+00   +2.7000000e+00   +0.0000000e+00   +0.0000000e+00
  +2.7000000e+00   +2.7300000e+00   +0.0000000e+00   +0.0000000e+00
  +2.7300000e+00   +2.7600000e+00   +0.0000000e+00   +0.0000000e+00
  +2.7600000e+00   +2.7900000e+00   +0.0000000e+00   +0.0000000e+00
  +2.7900000e+00   +2.8200000e+00   +0.0000000e+00   +0.0000000e+00
  +2.8200000e+00   +2.8500000e+00   +0.0000000e+00   +0.0000000e+00
  +2.8500000e+00   +2.8800000e+00   +0.0000000e+00   +0.0000000e+00
  +2.8800000e+00   +2.9100000e+00   +0.0000000e+00   +0.0000000e+00
  +2.9100000e+00   +2.9400000e+00   +0.0000000e+00   +0.0000000e+00
  +2.9400000e+00   +2.9700000e+00   +0.0000000e+00   +0.0000000e+00
  +2.9700000e+00   +3.0000000e+00   +0.0000000e+00   +0.0000000e+00
<\histogram>
##& xmin & xmax & central value & dy & 

<histogram> 100 "log10d12 [] |X_AXIS@LIN |Y_AXIS@LOG |JETSAMPLE@0"
  +0.0000000e+00   +3.0000000e-02   +1.0532800e-10   +5.2664000e-11
  +3.0000000e-02   +6.0000000e-02   +2.6331900e-10   +8.3269063e-11
  +6.0000000e-02   +9.0000000e-02   +1.5799100e-10   +6.4499708e-11
  +9.0000000e-02   +1.2000000e-01   +2.6331700e-10   +8.3268999e-11
  +1.2000000e-01   +1.5000000e-01   +2.6332000e-11   +2.6332000e-11
  +1.5000000e-01   +1.8000000e-01   +3.4231100e-10   +9.4941090e-11
  +1.8000000e-01   +2.1000000e-01   +2.8965100e-10   +8.7333333e-11
  +2.1000000e-01   +2.4000000e-01   +2.6331700e-10   +8.3268833e-11
  +2.4000000e-01   +2.7000000e-01   +3.6864400e-10   +9.8525074e-11
  +2.7000000e-01   +3.0000000e-01   +3.1598400e-10   +9.1216088e-11
  +3.0000000e-01   +3.3000000e-01   +2.3698700e-10   +7.8995966e-11
  +3.3000000e-01   +3.6000000e-01   +2.1065500e-10   +7.4478107e-11
  +3.6000000e-01   +3.9000000e-01   +3.1598200e-10   +9.1216514e-11
  +3.9000000e-01   +4.2000000e-01   +6.5829900e-10   +1.3165889e-10
  +4.2000000e-01   +4.5000000e-01   +3.6864600e-10   +9.8525268e-11
  +4.5000000e-01   +4.8000000e-01   +3.1598200e-10   +9.1216665e-11
  +4.8000000e-01   +5.1000000e-01   +2.6331900e-10   +8.3269063e-11
  +5.1000000e-01   +5.4000000e-01   +4.7397200e-10   +1.1171675e-10
  +5.4000000e-01   +5.7000000e-01   +7.8995900e-10   +1.4422476e-10
  +5.7000000e-01   +6.0000000e-01   +7.8995200e-10   +1.4422531e-10
  +6.0000000e-01   +6.3000000e-01   +1.2375930e-09   +1.8052124e-10
  +6.3000000e-01   +6.6000000e-01   +8.9528300e-10   +1.5353927e-10
  +6.6000000e-01   +6.9000000e-01   +1.2375960e-09   +1.8052101e-10
  +6.9000000e-01   +7.2000000e-01   +1.6589040e-09   +2.0900083e-10
  +7.2000000e-01   +7.5000000e-01   +1.6062390e-09   +2.0565672e-10
  +7.5000000e-01   +7.8000000e-01   +1.8432330e-09   +2.2030593e-10
  +7.8000000e-01   +8.1000000e-01   +2.2118490e-09   +2.4133337e-10
  +8.1000000e-01   +8.4000000e-01   +1.7905700e-09   +2.1713585e-10
  +8.4000000e-01   +8.7000000e-01   +2.4225020e-09   +2.5256393e-10
  +8.7000000e-01   +9.0000000e-01   +2.6068430e-09   +2.6199616e-10
  +9.0000000e-01   +9.3000000e-01   +2.8701500e-09   +2.7490987e-10
  +9.3000000e-01   +9.6000000e-01   +2.8964730e-09   +2.7616822e-10
  +9.6000000e-01   +9.9000000e-01   +3.4757750e-09   +3.0252686e-10
  +9.9000000e-01   +1.0200000e+00   +4.3973700e-09   +3.4028157e-10
  +1.0200000e+00   +1.0500000e+00   +4.1077350e-09   +3.2888224e-10
  +1.0500000e+00   +1.0800000e+00   +5.4506400e-09   +3.7884871e-10
  +1.0800000e+00   +1.1100000e+00   +5.2400000e-09   +3.7145763e-10
  +1.1100000e+00   +1.1400000e+00   +5.6349600e-09   +3.8519880e-10
  +1.1400000e+00   +1.1700000e+00   +7.6625000e-09   +4.4918873e-10
  +1.1700000e+00   +1.2000000e+00   +8.2417900e-09   +4.6585982e-10
  +1.2000000e+00   +1.2300000e+00   +7.8204900e-09   +4.5379986e-10
  +1.2300000e+00   +1.2600000e+00   +8.4787800e-09   +4.7250961e-10
  +1.2600000e+00   +1.2900000e+00   +1.0190330e-08   +5.1799736e-10
  +1.2900000e+00   +1.3200000e+00   +1.0980260e-08   +5.3770448e-10
  +1.3200000e+00   +1.3500000e+00   +1.1111930e-08   +5.4092302e-10
  +1.3500000e+00   +1.3800000e+00   +1.1928180e-08   +5.6043690e-10
  +1.3800000e+00   +1.4100000e+00   +1.2165190e-08   +5.6597324e-10
  +1.4100000e+00   +1.4400000e+00   +1.1401580e-08   +5.4792782e-10
  +1.4400000e+00   +1.4700000e+00   +1.1480580e-08   +5.4982446e-10
  +1.4700000e+00   +1.5000000e+00   +1.0032340e-08   +5.1397332e-10
  +1.5000000e+00   +1.5300000e+00   +9.7690300e-09   +5.0718741e-10
  +1.5300000e+00   +1.5600000e+00   +8.9001000e-09   +4.8410821e-10
  +1.5600000e+00   +1.5900000e+00   +8.1364700e-09   +4.6287620e-10
  +1.5900000e+00   +1.6200000e+00   +7.3728600e-09   +4.4062141e-10
  +1.6200000e+00   +1.6500000e+00   +5.4769700e-09   +3.7976365e-10
  +1.6500000e+00   +1.6800000e+00   +5.3189900e-09   +3.7424488e-10
  +1.6800000e+00   +1.7100000e+00   +3.6864300e-09   +3.1156149e-10
  +1.7100000e+00   +1.7400000e+00   +3.3704400e-09   +2.9790811e-10
  +1.7400000e+00   +1.7700000e+00   +2.7911500e-09   +2.7110022e-10
  +1.7700000e+00   +1.8000000e+00   +1.8168950e-09   +2.1872687e-10
  +1.8000000e+00   +1.8300000e+00   +1.0532710e-09   +1.6653671e-10
  +1.8300000e+00   +1.8600000e+00   +7.1096200e-10   +1.3682390e-10
  +1.8600000e+00   +1.8900000e+00   +3.4231200e-10   +9.4941118e-11
  +1.8900000e+00   +1.9200000e+00   +1.8432400e-10   +6.9667924e-11
  +1.9200000e+00   +1.9500000e+00   +5.2664000e-11   +3.7239072e-11
  +1.9500000e+00   +1.9800000e+00   +5.2664000e-11   +3.7239072e-11
  +1.9800000e+00   +2.0100000e+00   +0.0000000e+00   +0.0000000e+00
  +2.0100000e+00   +2.0400000e+00   +0.0000000e+00   +0.0000000e+00
  +2.0400000e+00   +2.0700000e+00   +0.0000000e+00   +0.0000000e+00
  +2.0700000e+00   +2.1000000e+00   +0.0000000e+00   +0.0000000e+00
  +2.1000000e+00   +2.1300000e+00   +0.0000000e+00   +0.0000000e+00
  +2.1300000e+00   +2.1600000e+00   +0.0000000e+00   +0.0000000e+00
  +2.1600000e+00   +2.1900000e+00   +0.0000000e+00   +0.0000000e+00
  +2.1900000e+00   +2.2200000e+00   +0.0000000e+00   +0.0000000e+00
  +2.2200000e+00   +2.2500000e+00   +0.0000000e+00   +0.0000000e+00
  +2.2500000e+00   +2.2800000e+00   +0.0000000e+00   +0.0000000e+00
  +2.2800000e+00   +2.3100000e+00   +0.0000000e+00   +0.0000000e+00
  +2.3100000e+00   +2.3400000e+00   +0.0000000e+00   +0.0000000e+00
  +2.3400000e+00   +2.3700000e+00   +0.0000000e+00   +0.0000000e+00
  +2.3700000e+00   +2.4000000e+00   +0.0000000e+00   +0.0000000e+00
  +2.4000000e+00   +2.4300000e+00   +0.0000000e+00   +0.0000000e+00
  +2.4300000e+00   +2.4600000e+00   +0.0000000e+00   +0.0000000e+00
  +2.4600000e+00   +2.4900000e+00   +0.0000000e+00   +0.0000000e+00
  +2.4900000e+00   +2.5200000e+00   +0.0000000e+00   +0.0000000e+00
  +2.5200000e+00   +2.5500000e+00   +0.0000000e+00   +0.0000000e+00
  +2.5500000e+00   +2.5800000e+00   +0.0000000e+00   +0.0000000e+00
  +2.5800000e+00   +2.6100000e+00   +0.0000000e+00   +0.0000000e+00
  +2.6100000e+00   +2.6400000e+00   +0.0000000e+00   +0.0000000e+00
  +2.6400000e+00   +2.6700000e+00   +0.0000000e+00   +0.0000000e+00
  +2.6700000e+00   +2.7000000e+00   +0.0000000e+00   +0.0000000e+00
  +2.7000000e+00   +2.7300000e+00   +0.0000000e+00   +0.0000000e+00
  +2.7300000e+00   +2.7600000e+00   +0.0000000e+00   +0.0000000e+00
  +2.7600000e+00   +2.7900000e+00   +0.0000000e+00   +0.0000000e+00
  +2.7900000e+00   +2.8200000e+00   +0.0000000e+00   +0.0000000e+00
  +2.8200000e+00   +2.8500000e+00   +0.0000000e+00   +0.0000000e+00
  +2.8500000e+00   +2.8800000e+00   +0.0000000e+00   +0.0000000e+00
  +2.8800000e+00   +2.9100000e+00   +0.0000000e+00   +0.0000000e+00
  +2.9100000e+00   +2.9400000e+00   +0.0000000e+00   +0.0000000e+00
  +2.9400000e+00   +2.9700000e+00   +0.0000000e+00   +0.0000000e+00
  +2.9700000e+00   +3.0000000e+00   +0.0000000e+00   +0.0000000e+00
<\histogram>


##& xmin & xmax & central value & dy & 

<histogram> 100 "log10d23 [] |X_AXIS@LIN |Y_AXIS@LOG |JETSAMPLE@0"
  +0.0000000e+00   +3.0000000e-02   +1.5799200e-10   +6.4499964e-11
  +3.0000000e-02   +6.0000000e-02   +1.5799200e-10   +6.4499964e-11
  +6.0000000e-02   +9.0000000e-02   +7.8996000e-11   +4.5608362e-11
  +9.0000000e-02   +1.2000000e-01   +2.1065500e-10   +7.4477921e-11
  +1.2000000e-01   +1.5000000e-01   +3.6864500e-10   +9.8525241e-11
  +1.5000000e-01   +1.8000000e-01   +5.5296900e-10   +1.2066772e-10
  +1.8000000e-01   +2.1000000e-01   +4.4763900e-10   +1.0856949e-10
  +2.1000000e-01   +2.4000000e-01   +7.8995100e-10   +1.4422519e-10
  +2.4000000e-01   +2.7000000e-01   +8.4261700e-10   +1.4895531e-10
  +2.7000000e-01   +3.0000000e-01   +1.1322660e-09   +1.7266861e-10
  +3.0000000e-01   +3.3000000e-01   +1.4482500e-09   +1.9528087e-10
  +3.3000000e-01   +3.6000000e-01   +1.8168950e-09   +2.1872681e-10
  +3.6000000e-01   +3.9000000e-01   +2.2118770e-09   +2.4133285e-10
  +3.9000000e-01   +4.2000000e-01   +2.9228200e-09   +2.7742085e-10
  +4.2000000e-01   +4.5000000e-01   +2.8174830e-09   +2.7237632e-10
  +4.5000000e-01   +4.8000000e-01   +3.2914600e-09   +2.9439627e-10
  +4.8000000e-01   +5.1000000e-01   +3.9234050e-09   +3.2141823e-10
  +5.1000000e-01   +5.4000000e-01   +4.9240100e-09   +3.6008083e-10
  +5.4000000e-01   +5.7000000e-01   +4.3710500e-09   +3.3926254e-10
  +5.7000000e-01   +6.0000000e-01   +4.9240100e-09   +3.6008160e-10
  +6.0000000e-01   +6.3000000e-01   +5.9509400e-09   +3.9585442e-10
  +6.3000000e-01   +6.6000000e-01   +5.4506400e-09   +3.7884764e-10
  +6.6000000e-01   +6.9000000e-01   +5.6349500e-09   +3.8519973e-10
  +6.9000000e-01   +7.2000000e-01   +5.4506500e-09   +3.7884925e-10
  +7.2000000e-01   +7.5000000e-01   +6.1352700e-09   +4.0193945e-10
  +7.5000000e-01   +7.8000000e-01   +5.6876300e-09   +3.8699731e-10
  +7.8000000e-01   +8.1000000e-01   +5.1083300e-09   +3.6675825e-10
  +8.1000000e-01   +8.4000000e-01   +5.2663300e-09   +3.7238863e-10
  +8.4000000e-01   +8.7000000e-01   +4.9503400e-09   +3.6104364e-10
  +8.7000000e-01   +9.0000000e-01   +4.7660100e-09   +3.5425445e-10
  +9.0000000e-01   +9.3000000e-01   +5.9246000e-09   +3.9497800e-10
  +9.3000000e-01   +9.6000000e-01   +4.8713500e-09   +3.5814776e-10
  +9.6000000e-01   +9.9000000e-01   +5.7929400e-09   +3.9056445e-10
  +9.9000000e-01   +1.0200000e+00   +5.3716500e-09   +3.7609473e-10
  +1.0200000e+00   +1.0500000e+00   +6.4249200e-09   +4.1131771e-10
  +1.0500000e+00   +1.0800000e+00   +6.1352600e-09   +4.0193792e-10
  +1.0800000e+00   +1.1100000e+00   +6.2932800e-09   +4.0708379e-10
  +1.1100000e+00   +1.1400000e+00   +6.7145500e-09   +4.2048571e-10
  +1.1400000e+00   +1.1700000e+00   +7.5045100e-09   +4.4453528e-10
  +1.1700000e+00   +1.2000000e+00   +8.3997900e-09   +4.7030486e-10
  +1.2000000e+00   +1.2300000e+00   +9.0580700e-09   +4.8838834e-10
  +1.2300000e+00   +1.2600000e+00   +9.3740600e-09   +4.9682785e-10
  +1.2600000e+00   +1.2900000e+00   +8.2944600e-09   +4.6734982e-10
  +1.2900000e+00   +1.3200000e+00   +7.9521600e-09   +4.5760615e-10
  +1.3200000e+00   +1.3500000e+00   +8.5577800e-09   +4.7470605e-10
  +1.3500000e+00   +1.3800000e+00   +8.3471100e-09   +4.6883088e-10
  +1.3800000e+00   +1.4100000e+00   +7.1095300e-09   +4.3267719e-10
  +1.4100000e+00   +1.4400000e+00   +5.7929600e-09   +3.9056355e-10
  +1.4400000e+00   +1.4700000e+00   +4.5290400e-09   +3.4533756e-10
  +1.4700000e+00   +1.5000000e+00   +3.6337450e-09   +3.0932712e-10
  +1.5000000e+00   +1.5300000e+00   +3.1334500e-09   +2.8724398e-10
  +1.5300000e+00   +1.5600000e+00   +1.5535850e-09   +2.0225684e-10
  +1.5600000e+00   +1.5900000e+00   +1.2112670e-09   +1.7859023e-10
  +1.5900000e+00   +1.6200000e+00   +1.0532750e-09   +1.6653642e-10
  +1.6200000e+00   +1.6500000e+00   +6.3196200e-10   +1.2899948e-10
  +1.6500000e+00   +1.6800000e+00   +2.1065500e-10   +7.4478107e-11
  +1.6800000e+00   +1.7100000e+00   +2.1065500e-10   +7.4477921e-11
  +1.7100000e+00   +1.7400000e+00   +1.3165800e-10   +5.8880052e-11
  +1.7400000e+00   +1.7700000e+00   +0.0000000e+00   +0.0000000e+00
  +1.7700000e+00   +1.8000000e+00   +0.0000000e+00   +0.0000000e+00
  +1.8000000e+00   +1.8300000e+00   +0.0000000e+00   +0.0000000e+00
  +1.8300000e+00   +1.8600000e+00   +0.0000000e+00   +0.0000000e+00
  +1.8600000e+00   +1.8900000e+00   +0.0000000e+00   +0.0000000e+00
  +1.8900000e+00   +1.9200000e+00   +0.0000000e+00   +0.0000000e+00
  +1.9200000e+00   +1.9500000e+00   +0.0000000e+00   +0.0000000e+00
  +1.9500000e+00   +1.9800000e+00   +0.0000000e+00   +0.0000000e+00
  +1.9800000e+00   +2.0100000e+00   +0.0000000e+00   +0.0000000e+00
  +2.0100000e+00   +2.0400000e+00   +0.0000000e+00   +0.0000000e+00
  +2.0400000e+00   +2.0700000e+00   +0.0000000e+00   +0.0000000e+00
  +2.0700000e+00   +2.1000000e+00   +0.0000000e+00   +0.0000000e+00
  +2.1000000e+00   +2.1300000e+00   +0.0000000e+00   +0.0000000e+00
  +2.1300000e+00   +2.1600000e+00   +0.0000000e+00   +0.0000000e+00
  +2.1600000e+00   +2.1900000e+00   +0.0000000e+00   +0.0000000e+00
  +2.1900000e+00   +2.2200000e+00   +0.0000000e+00   +0.0000000e+00
  +2.2200000e+00   +2.2500000e+00   +0.0000000e+00   +0.0000000e+00
  +2.2500000e+00   +2.2800000e+00   +0.0000000e+00   +0.0000000e+00
  +2.2800000e+00   +2.3100000e+00   +0.0000000e+00   +0.0000000e+00
  +2.3100000e+00   +2.3400000e+00   +0.0000000e+00   +0.0000000e+00
  +2.3400000e+00   +2.3700000e+00   +0.0000000e+00   +0.0000000e+00
  +2.3700000e+00   +2.4000000e+00   +0.0000000e+00   +0.0000000e+00
  +2.4000000e+00   +2.4300000e+00   +0.0000000e+00   +0.0000000e+00
  +2.4300000e+00   +2.4600000e+00   +0.0000000e+00   +0.0000000e+00
  +2.4600000e+00   +2.4900000e+00   +0.0000000e+00   +0.0000000e+00
  +2.4900000e+00   +2.5200000e+00   +0.0000000e+00   +0.0000000e+00
  +2.5200000e+00   +2.5500000e+00   +0.0000000e+00   +0.0000000e+00
  +2.5500000e+00   +2.5800000e+00   +0.0000000e+00   +0.0000000e+00
  +2.5800000e+00   +2.6100000e+00   +0.0000000e+00   +0.0000000e+00
  +2.6100000e+00   +2.6400000e+00   +0.0000000e+00   +0.0000000e+00
  +2.6400000e+00   +2.6700000e+00   +0.0000000e+00   +0.0000000e+00
  +2.6700000e+00   +2.7000000e+00   +0.0000000e+00   +0.0000000e+00
  +2.7000000e+00   +2.7300000e+00   +0.0000000e+00   +0.0000000e+00
  +2.7300000e+00   +2.7600000e+00   +0.0000000e+00   +0.0000000e+00
  +2.7600000e+00   +2.7900000e+00   +0.0000000e+00   +0.0000000e+00
  +2.7900000e+00   +2.8200000e+00   +0.0000000e+00   +0.0000000e+00
  +2.8200000e+00   +2.8500000e+00   +0.0000000e+00   +0.0000000e+00
  +2.8500000e+00   +2.8800000e+00   +0.0000000e+00   +0.0000000e+00
  +2.8800000e+00   +2.9100000e+00   +0.0000000e+00   +0.0000000e+00
  +2.9100000e+00   +2.9400000e+00   +0.0000000e+00   +0.0000000e+00
  +2.9400000e+00   +2.9700000e+00   +0.0000000e+00   +0.0000000e+00
  +2.9700000e+00   +3.0000000e+00   +0.0000000e+00   +0.0000000e+00
<\histogram>


##& xmin & xmax & central value & dy & 

<histogram> 100 "log10d34 [] |X_AXIS@LIN |Y_AXIS@LOG |JETSAMPLE@0"
  +0.0000000e+00   +3.0000000e-02   +5.0030200e-10   +1.1477827e-10
  +3.0000000e-02   +6.0000000e-02   +6.3196200e-10   +1.2899935e-10
  +6.0000000e-02   +9.0000000e-02   +6.8462200e-10   +1.3426636e-10
  +9.0000000e-02   +1.2000000e-01   +1.0006130e-09   +1.6231942e-10
  +1.2000000e-01   +1.5000000e-01   +1.7379010e-09   +2.1391899e-10
  +1.5000000e-01   +1.8000000e-01   +1.8169070e-09   +2.1872644e-10
  +1.8000000e-01   +2.1000000e-01   +2.2381880e-09   +2.4276547e-10
  +2.1000000e-01   +2.4000000e-01   +2.9227900e-09   +2.7742091e-10
  +2.4000000e-01   +2.7000000e-01   +2.9228130e-09   +2.7742077e-10
  +2.7000000e-01   +3.0000000e-01   +4.0024300e-09   +3.2463943e-10
  +3.0000000e-01   +3.3000000e-01   +5.0820000e-09   +3.6580985e-10
  +3.3000000e-01   +3.6000000e-01   +4.6607100e-09   +3.5032152e-10
  +3.6000000e-01   +3.9000000e-01   +5.4769600e-09   +3.7976086e-10
  +3.9000000e-01   +4.2000000e-01   +6.0036000e-09   +3.9760180e-10
  +4.2000000e-01   +4.5000000e-01   +6.6355800e-09   +4.1800775e-10
  +4.5000000e-01   +4.8000000e-01   +6.9252200e-09   +4.2703302e-10
  +4.8000000e-01   +5.1000000e-01   +7.1885200e-09   +4.3507766e-10
  +5.1000000e-01   +5.4000000e-01   +7.7415000e-09   +4.5150553e-10
  +5.4000000e-01   +5.7000000e-01   +7.5571700e-09   +4.4609153e-10
  +5.7000000e-01   +6.0000000e-01   +6.7935500e-09   +4.2295580e-10
  +6.0000000e-01   +6.3000000e-01   +7.1358600e-09   +4.3348053e-10
  +6.3000000e-01   +6.6000000e-01   +6.4249200e-09   +4.1131602e-10
  +6.6000000e-01   +6.9000000e-01   +6.6092400e-09   +4.1717749e-10
  +6.9000000e-01   +7.2000000e-01   +6.6619100e-09   +4.1883794e-10
  +7.2000000e-01   +7.5000000e-01   +5.9772700e-09   +3.9672952e-10
  +7.5000000e-01   +7.8000000e-01   +6.2142800e-09   +4.0451709e-10
  +7.8000000e-01   +8.1000000e-01   +6.2932500e-09   +4.0708103e-10
  +8.1000000e-01   +8.4000000e-01   +6.5302300e-09   +4.1467585e-10
  +8.4000000e-01   +8.7000000e-01   +5.9246100e-09   +3.9497634e-10
  +8.7000000e-01   +9.0000000e-01   +6.6619000e-09   +4.1883605e-10
  +9.0000000e-01   +9.3000000e-01   +6.0036100e-09   +3.9760227e-10
  +9.3000000e-01   +9.6000000e-01   +6.5302500e-09   +4.1467708e-10
  +9.6000000e-01   +9.9000000e-01   +6.6882200e-09   +4.1965891e-10
  +9.9000000e-01   +1.0200000e+00   +6.6882200e-09   +4.1966477e-10
  +1.0200000e+00   +1.0500000e+00   +6.4775800e-09   +4.1299879e-10
  +1.0500000e+00   +1.0800000e+00   +6.3459200e-09   +4.0878053e-10
  +1.0800000e+00   +1.1100000e+00   +6.8988900e-09   +4.2622271e-10
  +1.1100000e+00   +1.1400000e+00   +6.4512500e-09   +4.1216067e-10
  +1.1400000e+00   +1.1700000e+00   +5.8456200e-09   +3.9233729e-10
  +1.1700000e+00   +1.2000000e+00   +5.3453000e-09   +3.7516764e-10
  +1.2000000e+00   +1.2300000e+00   +4.7396800e-09   +3.5327610e-10
  +1.2300000e+00   +1.2600000e+00   +4.7660200e-09   +3.5425649e-10
  +1.2600000e+00   +1.2900000e+00   +3.9497300e-09   +3.2249494e-10
  +1.2900000e+00   +1.3200000e+00   +3.2651350e-09   +2.9321641e-10
  +1.3200000e+00   +1.3500000e+00   +2.3961730e-09   +2.5118763e-10
  +1.3500000e+00   +1.3800000e+00   +1.6852310e-09   +2.1065321e-10
  +1.3800000e+00   +1.4100000e+00   +1.1586070e-09   +1.7466476e-10
  +1.4100000e+00   +1.4400000e+00   +9.7428100e-10   +1.6016982e-10
  +1.4400000e+00   +1.4700000e+00   +7.3729500e-10   +1.3933460e-10
  +1.4700000e+00   +1.5000000e+00   +5.2663600e-10   +1.1775958e-10
  +1.5000000e+00   +1.5300000e+00   +2.8965000e-10   +8.7333303e-11
  +1.5300000e+00   +1.5600000e+00   +1.0532800e-10   +5.2664000e-11
  +1.5600000e+00   +1.5900000e+00   +5.2664000e-11   +3.7239072e-11
  +1.5900000e+00   +1.6200000e+00   +5.2663000e-11   +3.7239000e-11
  +1.6200000e+00   +1.6500000e+00   +7.8996000e-11   +4.5608362e-11
  +1.6500000e+00   +1.6800000e+00   +0.0000000e+00   +0.0000000e+00
  +1.6800000e+00   +1.7100000e+00   +0.0000000e+00   +0.0000000e+00
  +1.7100000e+00   +1.7400000e+00   +0.0000000e+00   +0.0000000e+00
  +1.7400000e+00   +1.7700000e+00   +0.0000000e+00   +0.0000000e+00
  +1.7700000e+00   +1.8000000e+00   +0.0000000e+00   +0.0000000e+00
  +1.8000000e+00   +1.8300000e+00   +0.0000000e+00   +0.0000000e+00
  +1.8300000e+00   +1.8600000e+00   +0.0000000e+00   +0.0000000e+00
  +1.8600000e+00   +1.8900000e+00   +0.0000000e+00   +0.0000000e+00
  +1.8900000e+00   +1.9200000e+00   +0.0000000e+00   +0.0000000e+00
  +1.9200000e+00   +1.9500000e+00   +0.0000000e+00   +0.0000000e+00
  +1.9500000e+00   +1.9800000e+00   +0.0000000e+00   +0.0000000e+00
  +1.9800000e+00   +2.0100000e+00   +0.0000000e+00   +0.0000000e+00
  +2.0100000e+00   +2.0400000e+00   +0.0000000e+00   +0.0000000e+00
  +2.0400000e+00   +2.0700000e+00   +0.0000000e+00   +0.0000000e+00
  +2.0700000e+00   +2.1000000e+00   +0.0000000e+00   +0.0000000e+00
  +2.1000000e+00   +2.1300000e+00   +0.0000000e+00   +0.0000000e+00
  +2.1300000e+00   +2.1600000e+00   +0.0000000e+00   +0.0000000e+00
  +2.1600000e+00   +2.1900000e+00   +0.0000000e+00   +0.0000000e+00
  +2.1900000e+00   +2.2200000e+00   +0.0000000e+00   +0.0000000e+00
  +2.2200000e+00   +2.2500000e+00   +0.0000000e+00   +0.0000000e+00
  +2.2500000e+00   +2.2800000e+00   +0.0000000e+00   +0.0000000e+00
  +2.2800000e+00   +2.3100000e+00   +0.0000000e+00   +0.0000000e+00
  +2.3100000e+00   +2.3400000e+00   +0.0000000e+00   +0.0000000e+00
  +2.3400000e+00   +2.3700000e+00   +0.0000000e+00   +0.0000000e+00
  +2.3700000e+00   +2.4000000e+00   +0.0000000e+00   +0.0000000e+00
  +2.4000000e+00   +2.4300000e+00   +0.0000000e+00   +0.0000000e+00
  +2.4300000e+00   +2.4600000e+00   +0.0000000e+00   +0.0000000e+00
  +2.4600000e+00   +2.4900000e+00   +0.0000000e+00   +0.0000000e+00
  +2.4900000e+00   +2.5200000e+00   +0.0000000e+00   +0.0000000e+00
  +2.5200000e+00   +2.5500000e+00   +0.0000000e+00   +0.0000000e+00
  +2.5500000e+00   +2.5800000e+00   +0.0000000e+00   +0.0000000e+00
  +2.5800000e+00   +2.6100000e+00   +0.0000000e+00   +0.0000000e+00
  +2.6100000e+00   +2.6400000e+00   +0.0000000e+00   +0.0000000e+00
  +2.6400000e+00   +2.6700000e+00   +0.0000000e+00   +0.0000000e+00
  +2.6700000e+00   +2.7000000e+00   +0.0000000e+00   +0.0000000e+00
  +2.7000000e+00   +2.7300000e+00   +0.0000000e+00   +0.0000000e+00
  +2.7300000e+00   +2.7600000e+00   +0.0000000e+00   +0.0000000e+00
  +2.7600000e+00   +2.7900000e+00   +0.0000000e+00   +0.0000000e+00
  +2.7900000e+00   +2.8200000e+00   +0.0000000e+00   +0.0000000e+00
  +2.8200000e+00   +2.8500000e+00   +0.0000000e+00   +0.0000000e+00
  +2.8500000e+00   +2.8800000e+00   +0.0000000e+00   +0.0000000e+00
  +2.8800000e+00   +2.9100000e+00   +0.0000000e+00   +0.0000000e+00
  +2.9100000e+00   +2.9400000e+00   +0.0000000e+00   +0.0000000e+00
  +2.9400000e+00   +2.9700000e+00   +0.0000000e+00   +0.0000000e+00
  +2.9700000e+00   +3.0000000e+00   +0.0000000e+00   +0.0000000e+00
<\histogram>

