# BEGIN PLOT
Legend=1
LogY=1
DrawOnly=//Users/zhupengxuan/Buding/mRC-variables/WW.yoda/CEPC_SMUON/hist_mRCmin[Weight_MERGING=0.000] //Users/zhupengxuan/Buding/mRC-variables/WW.yoda/CEPC_SMUON/hist_mRCmin
LegendOnly=//Users/zhupengxuan/Buding/mRC-variables/WW.yoda/CEPC_SMUON/hist_mRCmin
RatioPlot=1
RatioPlotReference=//Users/zhupengxuan/Buding/mRC-variables/WW.yoda/CEPC_SMUON/hist_mRCmin
RatioPlotYLabel=Ratio
# END PLOT

# BEGIN HISTO1D //Users/zhupengxuan/Buding/mRC-variables/WW.yoda/CEPC_SMUON/hist_mRCmin[Weight_MERGING=0.000]
LineColor=red!30
LineStyle=solid
Path=//Users/zhupengxuan/Buding/mRC-variables/WW.yoda/CEPC_SMUON/hist_mRCmin[Weight_MERGING=0.000]
ScaledBy=1.00000000000000000e+00
Title=WW
# xlow	 xhigh	 val	 errminus	 errplus
0.000000e+00	1.000000e+00	3.766651e-05	2.704298e-06	2.704298e-06
1.000000e+00	2.000000e+00	1.129995e-04	4.683981e-06	4.683981e-06
2.000000e+00	3.000000e+00	2.025060e-04	6.270408e-06	6.270408e-06
3.000000e+00	4.000000e+00	2.772566e-04	7.336987e-06	7.336987e-06
4.000000e+00	5.000000e+00	3.574435e-04	8.330682e-06	8.330682e-06
5.000000e+00	6.000000e+00	4.539397e-04	9.388061e-06	9.388061e-06
6.000000e+00	7.000000e+00	5.114102e-04	9.964638e-06	9.964638e-06
7.000000e+00	8.000000e+00	5.995576e-04	1.078928e-05	1.078928e-05
8.000000e+00	9.000000e+00	6.869284e-04	1.154868e-05	1.154868e-05
9.000000e+00	1.000000e+01	7.746875e-04	1.226422e-05	1.226422e-05
1.000000e+01	1.100000e+01	8.366237e-04	1.274506e-05	1.274506e-05
1.100000e+01	1.200000e+01	8.968124e-04	1.319556e-05	1.319556e-05
1.200000e+01	1.300000e+01	9.744753e-04	1.375505e-05	1.375505e-05
1.300000e+01	1.400000e+01	1.062040e-03	1.435976e-05	1.435976e-05
1.400000e+01	1.500000e+01	1.149217e-03	1.493750e-05	1.493750e-05
1.500000e+01	1.600000e+01	1.222026e-03	1.540342e-05	1.540342e-05
1.600000e+01	1.700000e+01	1.302213e-03	1.590076e-05	1.590076e-05
1.700000e+01	1.800000e+01	1.359683e-03	1.624784e-05	1.624784e-05
1.800000e+01	1.900000e+01	1.423367e-03	1.662399e-05	1.662399e-05
1.900000e+01	2.000000e+01	1.508602e-03	1.711450e-05	1.711450e-05
2.000000e+01	2.100000e+01	1.571315e-03	1.746660e-05	1.746660e-05
2.100000e+01	2.200000e+01	1.606457e-03	1.766084e-05	1.766084e-05
2.200000e+01	2.300000e+01	1.714603e-03	1.824562e-05	1.824562e-05
2.300000e+01	2.400000e+01	1.754599e-03	1.845720e-05	1.845720e-05
2.400000e+01	2.500000e+01	1.811681e-03	1.875503e-05	1.875503e-05
2.500000e+01	2.600000e+01	1.899635e-03	1.920489e-05	1.920489e-05
2.600000e+01	2.700000e+01	1.925846e-03	1.933693e-05	1.933693e-05
2.700000e+01	2.800000e+01	2.048748e-03	1.994440e-05	1.994440e-05
2.800000e+01	2.900000e+01	2.092627e-03	2.015685e-05	2.015685e-05
2.900000e+01	3.000000e+01	2.113596e-03	2.025759e-05	2.025759e-05
3.000000e+01	3.100000e+01	2.211257e-03	2.072032e-05	2.072032e-05
3.100000e+01	3.200000e+01	2.198054e-03	2.065837e-05	2.065837e-05
3.200000e+01	3.300000e+01	2.259991e-03	2.094740e-05	2.094740e-05
3.300000e+01	3.400000e+01	2.337071e-03	2.130163e-05	2.130163e-05
3.400000e+01	3.500000e+01	2.392988e-03	2.155496e-05	2.155496e-05
3.500000e+01	3.600000e+01	2.371825e-03	2.145943e-05	2.145943e-05
3.600000e+01	3.700000e+01	2.440557e-03	2.176814e-05	2.176814e-05
3.700000e+01	3.800000e+01	2.457060e-03	2.184161e-05	2.184161e-05
3.800000e+01	3.900000e+01	2.538800e-03	2.220195e-05	2.220195e-05
3.900000e+01	4.000000e+01	2.592582e-03	2.243588e-05	2.243588e-05
4.000000e+01	4.100000e+01	2.624424e-03	2.257324e-05	2.257324e-05
4.100000e+01	4.200000e+01	2.712960e-03	2.295083e-05	2.295083e-05
4.200000e+01	4.300000e+01	2.680341e-03	2.281245e-05	2.281245e-05
4.300000e+01	4.400000e+01	2.697039e-03	2.288339e-05	2.288339e-05
4.400000e+01	4.500000e+01	2.743831e-03	2.308104e-05	2.308104e-05
4.500000e+01	4.600000e+01	2.770236e-03	2.319184e-05	2.319184e-05
4.600000e+01	4.700000e+01	2.807902e-03	2.334898e-05	2.334898e-05
4.700000e+01	4.800000e+01	2.799942e-03	2.331586e-05	2.331586e-05
4.800000e+01	4.900000e+01	2.819746e-03	2.339817e-05	2.339817e-05
4.900000e+01	5.000000e+01	2.840327e-03	2.348340e-05	2.348340e-05
5.000000e+01	5.100000e+01	2.866150e-03	2.358991e-05	2.358991e-05
5.100000e+01	5.200000e+01	2.874304e-03	2.362344e-05	2.362344e-05
5.200000e+01	5.300000e+01	2.891196e-03	2.369276e-05	2.369276e-05
5.300000e+01	5.400000e+01	2.860713e-03	2.356753e-05	2.356753e-05
5.400000e+01	5.500000e+01	2.905564e-03	2.375155e-05	2.375155e-05
5.500000e+01	5.600000e+01	2.912165e-03	2.377852e-05	2.377852e-05
5.600000e+01	5.700000e+01	2.911582e-03	2.377614e-05	2.377614e-05
5.700000e+01	5.800000e+01	2.897603e-03	2.371899e-05	2.371899e-05
5.800000e+01	5.900000e+01	2.861878e-03	2.357232e-05	2.357232e-05
5.900000e+01	6.000000e+01	2.928474e-03	2.384501e-05	2.384501e-05
6.000000e+01	6.100000e+01	2.930804e-03	2.385449e-05	2.385449e-05
6.100000e+01	6.200000e+01	2.896244e-03	2.371343e-05	2.371343e-05
6.200000e+01	6.300000e+01	2.865761e-03	2.358831e-05	2.358831e-05
6.300000e+01	6.400000e+01	2.912942e-03	2.378169e-05	2.378169e-05
6.400000e+01	6.500000e+01	2.930610e-03	2.385370e-05	2.385370e-05
6.500000e+01	6.600000e+01	2.865567e-03	2.358751e-05	2.358751e-05
6.600000e+01	6.700000e+01	2.940124e-03	2.389239e-05	2.389239e-05
6.700000e+01	6.800000e+01	2.884400e-03	2.366490e-05	2.366490e-05
6.800000e+01	6.900000e+01	2.912747e-03	2.378090e-05	2.378090e-05
6.900000e+01	7.000000e+01	2.875469e-03	2.362823e-05	2.362823e-05
7.000000e+01	7.100000e+01	2.871004e-03	2.360988e-05	2.360988e-05
7.100000e+01	7.200000e+01	2.907893e-03	2.376108e-05	2.376108e-05
7.200000e+01	7.300000e+01	2.908282e-03	2.376266e-05	2.376266e-05
7.300000e+01	7.400000e+01	2.962646e-03	2.398373e-05	2.398373e-05
7.400000e+01	7.500000e+01	3.021087e-03	2.421912e-05	2.421912e-05
7.500000e+01	7.600000e+01	3.049628e-03	2.433326e-05	2.433326e-05
7.600000e+01	7.700000e+01	3.177190e-03	2.483696e-05	2.483696e-05
7.700000e+01	7.800000e+01	3.361639e-03	2.554773e-05	2.554773e-05
7.800000e+01	7.900000e+01	3.592880e-03	2.641181e-05	2.641181e-05
7.900000e+01	8.000000e+01	3.871690e-03	2.741745e-05	2.741745e-05
8.000000e+01	8.100000e+01	3.114865e-03	2.459215e-05	2.459215e-05
8.100000e+01	8.200000e+01	1.565102e-03	1.743204e-05	1.743204e-05
8.200000e+01	8.300000e+01	7.875019e-04	1.236524e-05	1.236524e-05
8.300000e+01	8.400000e+01	5.061680e-04	9.913435e-06	9.913435e-06
8.400000e+01	8.500000e+01	3.351154e-04	8.066294e-06	8.066294e-06
8.500000e+01	8.600000e+01	2.652188e-04	7.175943e-06	7.175943e-06
8.600000e+01	8.700000e+01	2.145438e-04	6.454087e-06	6.454087e-06
8.700000e+01	8.800000e+01	1.716350e-04	5.772711e-06	5.772711e-06
8.800000e+01	8.900000e+01	1.304737e-04	5.033131e-06	5.033131e-06
8.900000e+01	9.000000e+01	1.161060e-04	4.747929e-06	4.747929e-06
9.000000e+01	9.100000e+01	1.087281e-04	4.594600e-06	4.594600e-06
9.100000e+01	9.200000e+01	9.552538e-05	4.306617e-06	4.306617e-06
9.200000e+01	9.300000e+01	7.572134e-05	3.834299e-06	3.834299e-06
9.300000e+01	9.400000e+01	7.086740e-05	3.709369e-06	3.709369e-06
9.400000e+01	9.500000e+01	6.348943e-05	3.510973e-06	3.510973e-06
9.500000e+01	9.600000e+01	5.591729e-05	3.294958e-06	3.294958e-06
9.600000e+01	9.700000e+01	4.446201e-05	2.938133e-06	2.938133e-06
9.700000e+01	9.800000e+01	4.620943e-05	2.995313e-06	2.995313e-06
9.800000e+01	9.900000e+01	3.514247e-05	2.612119e-06	2.612119e-06
9.900000e+01	1.000000e+02	3.184179e-05	2.486426e-06	2.486426e-06
1.000000e+02	1.010000e+02	2.873528e-05	2.362025e-06	2.362025e-06
1.010000e+02	1.020000e+02	2.349303e-05	2.135730e-06	2.135730e-06
1.020000e+02	1.030000e+02	2.426966e-05	2.170744e-06	2.170744e-06
1.030000e+02	1.040000e+02	2.019236e-05	1.980023e-06	1.980023e-06
1.040000e+02	1.050000e+02	1.805663e-05	1.872385e-06	1.872385e-06
1.050000e+02	1.060000e+02	1.126112e-05	1.478658e-06	1.478658e-06
1.060000e+02	1.070000e+02	1.262022e-05	1.565346e-06	1.565346e-06
1.070000e+02	1.080000e+02	9.125392e-06	1.331075e-06	1.331075e-06
1.080000e+02	1.090000e+02	8.348763e-06	1.273174e-06	1.273174e-06
1.090000e+02	1.100000e+02	5.824718e-06	1.063443e-06	1.063443e-06
1.100000e+02	1.110000e+02	3.106516e-06	7.766291e-07	7.766291e-07
1.110000e+02	1.120000e+02	4.271460e-06	9.106783e-07	9.106783e-07
1.120000e+02	1.130000e+02	3.688988e-06	8.463119e-07	8.463119e-07
1.130000e+02	1.140000e+02	2.912359e-06	7.519679e-07	7.519679e-07
1.140000e+02	1.150000e+02	1.747415e-06	5.824718e-07	5.824718e-07
1.150000e+02	1.160000e+02	1.164944e-06	4.755863e-07	4.755863e-07
1.160000e+02	1.170000e+02	5.824718e-07	3.362902e-07	3.362902e-07
1.170000e+02	1.180000e+02	0.000000e+00	0.000000e+00	0.000000e+00
1.180000e+02	1.190000e+02	0.000000e+00	0.000000e+00	0.000000e+00
1.190000e+02	1.200000e+02	0.000000e+00	0.000000e+00	0.000000e+00
1.200000e+02	1.210000e+02	0.000000e+00	0.000000e+00	0.000000e+00
1.210000e+02	1.220000e+02	0.000000e+00	0.000000e+00	0.000000e+00
1.220000e+02	1.230000e+02	0.000000e+00	0.000000e+00	0.000000e+00
1.230000e+02	1.240000e+02	0.000000e+00	0.000000e+00	0.000000e+00
1.240000e+02	1.250000e+02	0.000000e+00	0.000000e+00	0.000000e+00
1.250000e+02	1.260000e+02	0.000000e+00	0.000000e+00	0.000000e+00
1.260000e+02	1.270000e+02	0.000000e+00	0.000000e+00	0.000000e+00
1.270000e+02	1.280000e+02	0.000000e+00	0.000000e+00	0.000000e+00
1.280000e+02	1.290000e+02	0.000000e+00	0.000000e+00	0.000000e+00
1.290000e+02	1.300000e+02	0.000000e+00	0.000000e+00	0.000000e+00
1.300000e+02	1.310000e+02	0.000000e+00	0.000000e+00	0.000000e+00
1.310000e+02	1.320000e+02	0.000000e+00	0.000000e+00	0.000000e+00
1.320000e+02	1.330000e+02	0.000000e+00	0.000000e+00	0.000000e+00
1.330000e+02	1.340000e+02	0.000000e+00	0.000000e+00	0.000000e+00
1.340000e+02	1.350000e+02	0.000000e+00	0.000000e+00	0.000000e+00
1.350000e+02	1.360000e+02	0.000000e+00	0.000000e+00	0.000000e+00
1.360000e+02	1.370000e+02	0.000000e+00	0.000000e+00	0.000000e+00
1.370000e+02	1.380000e+02	0.000000e+00	0.000000e+00	0.000000e+00
1.380000e+02	1.390000e+02	0.000000e+00	0.000000e+00	0.000000e+00
1.390000e+02	1.400000e+02	0.000000e+00	0.000000e+00	0.000000e+00
1.400000e+02	1.410000e+02	0.000000e+00	0.000000e+00	0.000000e+00
1.410000e+02	1.420000e+02	0.000000e+00	0.000000e+00	0.000000e+00
1.420000e+02	1.430000e+02	0.000000e+00	0.000000e+00	0.000000e+00
1.430000e+02	1.440000e+02	0.000000e+00	0.000000e+00	0.000000e+00
1.440000e+02	1.450000e+02	0.000000e+00	0.000000e+00	0.000000e+00
1.450000e+02	1.460000e+02	0.000000e+00	0.000000e+00	0.000000e+00
1.460000e+02	1.470000e+02	0.000000e+00	0.000000e+00	0.000000e+00
1.470000e+02	1.480000e+02	0.000000e+00	0.000000e+00	0.000000e+00
1.480000e+02	1.490000e+02	0.000000e+00	0.000000e+00	0.000000e+00
1.490000e+02	1.500000e+02	0.000000e+00	0.000000e+00	0.000000e+00
1.500000e+02	1.510000e+02	0.000000e+00	0.000000e+00	0.000000e+00
1.510000e+02	1.520000e+02	0.000000e+00	0.000000e+00	0.000000e+00
1.520000e+02	1.530000e+02	0.000000e+00	0.000000e+00	0.000000e+00
1.530000e+02	1.540000e+02	0.000000e+00	0.000000e+00	0.000000e+00
1.540000e+02	1.550000e+02	0.000000e+00	0.000000e+00	0.000000e+00
1.550000e+02	1.560000e+02	0.000000e+00	0.000000e+00	0.000000e+00
1.560000e+02	1.570000e+02	0.000000e+00	0.000000e+00	0.000000e+00
1.570000e+02	1.580000e+02	0.000000e+00	0.000000e+00	0.000000e+00
1.580000e+02	1.590000e+02	0.000000e+00	0.000000e+00	0.000000e+00
1.590000e+02	1.600000e+02	0.000000e+00	0.000000e+00	0.000000e+00
1.600000e+02	1.610000e+02	0.000000e+00	0.000000e+00	0.000000e+00
1.610000e+02	1.620000e+02	0.000000e+00	0.000000e+00	0.000000e+00
1.620000e+02	1.630000e+02	0.000000e+00	0.000000e+00	0.000000e+00
1.630000e+02	1.640000e+02	0.000000e+00	0.000000e+00	0.000000e+00
1.640000e+02	1.650000e+02	0.000000e+00	0.000000e+00	0.000000e+00
1.650000e+02	1.660000e+02	0.000000e+00	0.000000e+00	0.000000e+00
1.660000e+02	1.670000e+02	0.000000e+00	0.000000e+00	0.000000e+00
1.670000e+02	1.680000e+02	0.000000e+00	0.000000e+00	0.000000e+00
1.680000e+02	1.690000e+02	0.000000e+00	0.000000e+00	0.000000e+00
1.690000e+02	1.700000e+02	0.000000e+00	0.000000e+00	0.000000e+00
1.700000e+02	1.710000e+02	0.000000e+00	0.000000e+00	0.000000e+00
1.710000e+02	1.720000e+02	0.000000e+00	0.000000e+00	0.000000e+00
1.720000e+02	1.730000e+02	0.000000e+00	0.000000e+00	0.000000e+00
1.730000e+02	1.740000e+02	0.000000e+00	0.000000e+00	0.000000e+00
1.740000e+02	1.750000e+02	0.000000e+00	0.000000e+00	0.000000e+00
# END HISTO1D


# BEGIN HISTO1D //Users/zhupengxuan/Buding/mRC-variables/WW.yoda/CEPC_SMUON/hist_mRCmin
LineColor=red
LineStyle=solid
Path=//Users/zhupengxuan/Buding/mRC-variables/WW.yoda/CEPC_SMUON/hist_mRCmin
ScaledBy=1.00000000000000000e+00
Title=WW
# xlow	 xhigh	 val	 errminus	 errplus
0.000000e+00	1.000000e+00	3.766651e+01	2.704298e+00	2.704298e+00
1.000000e+00	2.000000e+00	1.129995e+02	4.683981e+00	4.683981e+00
2.000000e+00	3.000000e+00	2.025060e+02	6.270408e+00	6.270408e+00
3.000000e+00	4.000000e+00	2.772566e+02	7.336987e+00	7.336987e+00
4.000000e+00	5.000000e+00	3.574435e+02	8.330682e+00	8.330682e+00
5.000000e+00	6.000000e+00	4.539397e+02	9.388061e+00	9.388061e+00
6.000000e+00	7.000000e+00	5.114102e+02	9.964638e+00	9.964638e+00
7.000000e+00	8.000000e+00	5.995576e+02	1.078928e+01	1.078928e+01
8.000000e+00	9.000000e+00	6.869284e+02	1.154868e+01	1.154868e+01
9.000000e+00	1.000000e+01	7.746875e+02	1.226422e+01	1.226422e+01
1.000000e+01	1.100000e+01	8.366237e+02	1.274506e+01	1.274506e+01
1.100000e+01	1.200000e+01	8.968124e+02	1.319556e+01	1.319556e+01
1.200000e+01	1.300000e+01	9.744753e+02	1.375505e+01	1.375505e+01
1.300000e+01	1.400000e+01	1.062040e+03	1.435976e+01	1.435976e+01
1.400000e+01	1.500000e+01	1.149217e+03	1.493750e+01	1.493750e+01
1.500000e+01	1.600000e+01	1.222026e+03	1.540342e+01	1.540342e+01
1.600000e+01	1.700000e+01	1.302213e+03	1.590076e+01	1.590076e+01
1.700000e+01	1.800000e+01	1.359683e+03	1.624784e+01	1.624784e+01
1.800000e+01	1.900000e+01	1.423367e+03	1.662399e+01	1.662399e+01
1.900000e+01	2.000000e+01	1.508602e+03	1.711450e+01	1.711450e+01
2.000000e+01	2.100000e+01	1.571315e+03	1.746660e+01	1.746660e+01
2.100000e+01	2.200000e+01	1.606457e+03	1.766084e+01	1.766084e+01
2.200000e+01	2.300000e+01	1.714603e+03	1.824562e+01	1.824562e+01
2.300000e+01	2.400000e+01	1.754599e+03	1.845720e+01	1.845720e+01
2.400000e+01	2.500000e+01	1.811681e+03	1.875503e+01	1.875503e+01
2.500000e+01	2.600000e+01	1.899635e+03	1.920489e+01	1.920489e+01
2.600000e+01	2.700000e+01	1.925846e+03	1.933693e+01	1.933693e+01
2.700000e+01	2.800000e+01	2.048748e+03	1.994440e+01	1.994440e+01
2.800000e+01	2.900000e+01	2.092627e+03	2.015685e+01	2.015685e+01
2.900000e+01	3.000000e+01	2.113596e+03	2.025759e+01	2.025759e+01
3.000000e+01	3.100000e+01	2.211257e+03	2.072032e+01	2.072032e+01
3.100000e+01	3.200000e+01	2.198054e+03	2.065837e+01	2.065837e+01
3.200000e+01	3.300000e+01	2.259991e+03	2.094740e+01	2.094740e+01
3.300000e+01	3.400000e+01	2.337071e+03	2.130163e+01	2.130163e+01
3.400000e+01	3.500000e+01	2.392988e+03	2.155496e+01	2.155496e+01
3.500000e+01	3.600000e+01	2.371825e+03	2.145943e+01	2.145943e+01
3.600000e+01	3.700000e+01	2.440557e+03	2.176814e+01	2.176814e+01
3.700000e+01	3.800000e+01	2.457060e+03	2.184161e+01	2.184161e+01
3.800000e+01	3.900000e+01	2.538800e+03	2.220195e+01	2.220195e+01
3.900000e+01	4.000000e+01	2.592582e+03	2.243588e+01	2.243588e+01
4.000000e+01	4.100000e+01	2.624424e+03	2.257324e+01	2.257324e+01
4.100000e+01	4.200000e+01	2.712960e+03	2.295083e+01	2.295083e+01
4.200000e+01	4.300000e+01	2.680341e+03	2.281245e+01	2.281245e+01
4.300000e+01	4.400000e+01	2.697039e+03	2.288339e+01	2.288339e+01
4.400000e+01	4.500000e+01	2.743831e+03	2.308104e+01	2.308104e+01
4.500000e+01	4.600000e+01	2.770236e+03	2.319184e+01	2.319184e+01
4.600000e+01	4.700000e+01	2.807902e+03	2.334898e+01	2.334898e+01
4.700000e+01	4.800000e+01	2.799942e+03	2.331586e+01	2.331586e+01
4.800000e+01	4.900000e+01	2.819746e+03	2.339817e+01	2.339817e+01
4.900000e+01	5.000000e+01	2.840327e+03	2.348340e+01	2.348340e+01
5.000000e+01	5.100000e+01	2.866150e+03	2.358991e+01	2.358991e+01
5.100000e+01	5.200000e+01	2.874304e+03	2.362344e+01	2.362344e+01
5.200000e+01	5.300000e+01	2.891196e+03	2.369276e+01	2.369276e+01
5.300000e+01	5.400000e+01	2.860713e+03	2.356753e+01	2.356753e+01
5.400000e+01	5.500000e+01	2.905564e+03	2.375155e+01	2.375155e+01
5.500000e+01	5.600000e+01	2.912165e+03	2.377852e+01	2.377852e+01
5.600000e+01	5.700000e+01	2.911582e+03	2.377614e+01	2.377614e+01
5.700000e+01	5.800000e+01	2.897603e+03	2.371899e+01	2.371899e+01
5.800000e+01	5.900000e+01	2.861878e+03	2.357232e+01	2.357232e+01
5.900000e+01	6.000000e+01	2.928474e+03	2.384501e+01	2.384501e+01
6.000000e+01	6.100000e+01	2.930804e+03	2.385449e+01	2.385449e+01
6.100000e+01	6.200000e+01	2.896244e+03	2.371343e+01	2.371343e+01
6.200000e+01	6.300000e+01	2.865761e+03	2.358831e+01	2.358831e+01
6.300000e+01	6.400000e+01	2.912942e+03	2.378169e+01	2.378169e+01
6.400000e+01	6.500000e+01	2.930610e+03	2.385370e+01	2.385370e+01
6.500000e+01	6.600000e+01	2.865567e+03	2.358751e+01	2.358751e+01
6.600000e+01	6.700000e+01	2.940124e+03	2.389239e+01	2.389239e+01
6.700000e+01	6.800000e+01	2.884400e+03	2.366490e+01	2.366490e+01
6.800000e+01	6.900000e+01	2.912747e+03	2.378090e+01	2.378090e+01
6.900000e+01	7.000000e+01	2.875469e+03	2.362823e+01	2.362823e+01
7.000000e+01	7.100000e+01	2.871004e+03	2.360988e+01	2.360988e+01
7.100000e+01	7.200000e+01	2.907893e+03	2.376108e+01	2.376108e+01
7.200000e+01	7.300000e+01	2.908282e+03	2.376266e+01	2.376266e+01
7.300000e+01	7.400000e+01	2.962646e+03	2.398373e+01	2.398373e+01
7.400000e+01	7.500000e+01	3.021087e+03	2.421912e+01	2.421912e+01
7.500000e+01	7.600000e+01	3.049628e+03	2.433326e+01	2.433326e+01
7.600000e+01	7.700000e+01	3.177190e+03	2.483696e+01	2.483696e+01
7.700000e+01	7.800000e+01	3.361639e+03	2.554773e+01	2.554773e+01
7.800000e+01	7.900000e+01	3.592880e+03	2.641181e+01	2.641181e+01
7.900000e+01	8.000000e+01	3.871690e+03	2.741745e+01	2.741745e+01
8.000000e+01	8.100000e+01	3.114865e+03	2.459215e+01	2.459215e+01
8.100000e+01	8.200000e+01	1.565102e+03	1.743204e+01	1.743204e+01
8.200000e+01	8.300000e+01	7.875019e+02	1.236524e+01	1.236524e+01
8.300000e+01	8.400000e+01	5.061680e+02	9.913435e+00	9.913435e+00
8.400000e+01	8.500000e+01	3.351154e+02	8.066294e+00	8.066294e+00
8.500000e+01	8.600000e+01	2.652188e+02	7.175943e+00	7.175943e+00
8.600000e+01	8.700000e+01	2.145438e+02	6.454087e+00	6.454087e+00
8.700000e+01	8.800000e+01	1.716350e+02	5.772711e+00	5.772711e+00
8.800000e+01	8.900000e+01	1.304737e+02	5.033131e+00	5.033131e+00
8.900000e+01	9.000000e+01	1.161060e+02	4.747929e+00	4.747929e+00
9.000000e+01	9.100000e+01	1.087281e+02	4.594600e+00	4.594600e+00
9.100000e+01	9.200000e+01	9.552538e+01	4.306617e+00	4.306617e+00
9.200000e+01	9.300000e+01	7.572134e+01	3.834299e+00	3.834299e+00
9.300000e+01	9.400000e+01	7.086740e+01	3.709369e+00	3.709369e+00
9.400000e+01	9.500000e+01	6.348943e+01	3.510973e+00	3.510973e+00
9.500000e+01	9.600000e+01	5.591729e+01	3.294958e+00	3.294958e+00
9.600000e+01	9.700000e+01	4.446201e+01	2.938133e+00	2.938133e+00
9.700000e+01	9.800000e+01	4.620943e+01	2.995313e+00	2.995313e+00
9.800000e+01	9.900000e+01	3.514247e+01	2.612119e+00	2.612119e+00
9.900000e+01	1.000000e+02	3.184179e+01	2.486426e+00	2.486426e+00
1.000000e+02	1.010000e+02	2.873528e+01	2.362025e+00	2.362025e+00
1.010000e+02	1.020000e+02	2.349303e+01	2.135730e+00	2.135730e+00
1.020000e+02	1.030000e+02	2.426966e+01	2.170744e+00	2.170744e+00
1.030000e+02	1.040000e+02	2.019236e+01	1.980023e+00	1.980023e+00
1.040000e+02	1.050000e+02	1.805663e+01	1.872385e+00	1.872385e+00
1.050000e+02	1.060000e+02	1.126112e+01	1.478658e+00	1.478658e+00
1.060000e+02	1.070000e+02	1.262022e+01	1.565346e+00	1.565346e+00
1.070000e+02	1.080000e+02	9.125392e+00	1.331075e+00	1.331075e+00
1.080000e+02	1.090000e+02	8.348763e+00	1.273174e+00	1.273174e+00
1.090000e+02	1.100000e+02	5.824718e+00	1.063443e+00	1.063443e+00
1.100000e+02	1.110000e+02	3.106516e+00	7.766291e-01	7.766291e-01
1.110000e+02	1.120000e+02	4.271460e+00	9.106783e-01	9.106783e-01
1.120000e+02	1.130000e+02	3.688988e+00	8.463119e-01	8.463119e-01
1.130000e+02	1.140000e+02	2.912359e+00	7.519679e-01	7.519679e-01
1.140000e+02	1.150000e+02	1.747415e+00	5.824718e-01	5.824718e-01
1.150000e+02	1.160000e+02	1.164944e+00	4.755863e-01	4.755863e-01
1.160000e+02	1.170000e+02	5.824718e-01	3.362902e-01	3.362902e-01
1.170000e+02	1.180000e+02	0.000000e+00	0.000000e+00	0.000000e+00
1.180000e+02	1.190000e+02	0.000000e+00	0.000000e+00	0.000000e+00
1.190000e+02	1.200000e+02	0.000000e+00	0.000000e+00	0.000000e+00
1.200000e+02	1.210000e+02	0.000000e+00	0.000000e+00	0.000000e+00
1.210000e+02	1.220000e+02	0.000000e+00	0.000000e+00	0.000000e+00
1.220000e+02	1.230000e+02	0.000000e+00	0.000000e+00	0.000000e+00
1.230000e+02	1.240000e+02	0.000000e+00	0.000000e+00	0.000000e+00
1.240000e+02	1.250000e+02	0.000000e+00	0.000000e+00	0.000000e+00
1.250000e+02	1.260000e+02	0.000000e+00	0.000000e+00	0.000000e+00
1.260000e+02	1.270000e+02	0.000000e+00	0.000000e+00	0.000000e+00
1.270000e+02	1.280000e+02	0.000000e+00	0.000000e+00	0.000000e+00
1.280000e+02	1.290000e+02	0.000000e+00	0.000000e+00	0.000000e+00
1.290000e+02	1.300000e+02	0.000000e+00	0.000000e+00	0.000000e+00
1.300000e+02	1.310000e+02	0.000000e+00	0.000000e+00	0.000000e+00
1.310000e+02	1.320000e+02	0.000000e+00	0.000000e+00	0.000000e+00
1.320000e+02	1.330000e+02	0.000000e+00	0.000000e+00	0.000000e+00
1.330000e+02	1.340000e+02	0.000000e+00	0.000000e+00	0.000000e+00
1.340000e+02	1.350000e+02	0.000000e+00	0.000000e+00	0.000000e+00
1.350000e+02	1.360000e+02	0.000000e+00	0.000000e+00	0.000000e+00
1.360000e+02	1.370000e+02	0.000000e+00	0.000000e+00	0.000000e+00
1.370000e+02	1.380000e+02	0.000000e+00	0.000000e+00	0.000000e+00
1.380000e+02	1.390000e+02	0.000000e+00	0.000000e+00	0.000000e+00
1.390000e+02	1.400000e+02	0.000000e+00	0.000000e+00	0.000000e+00
1.400000e+02	1.410000e+02	0.000000e+00	0.000000e+00	0.000000e+00
1.410000e+02	1.420000e+02	0.000000e+00	0.000000e+00	0.000000e+00
1.420000e+02	1.430000e+02	0.000000e+00	0.000000e+00	0.000000e+00
1.430000e+02	1.440000e+02	0.000000e+00	0.000000e+00	0.000000e+00
1.440000e+02	1.450000e+02	0.000000e+00	0.000000e+00	0.000000e+00
1.450000e+02	1.460000e+02	0.000000e+00	0.000000e+00	0.000000e+00
1.460000e+02	1.470000e+02	0.000000e+00	0.000000e+00	0.000000e+00
1.470000e+02	1.480000e+02	0.000000e+00	0.000000e+00	0.000000e+00
1.480000e+02	1.490000e+02	0.000000e+00	0.000000e+00	0.000000e+00
1.490000e+02	1.500000e+02	0.000000e+00	0.000000e+00	0.000000e+00
1.500000e+02	1.510000e+02	0.000000e+00	0.000000e+00	0.000000e+00
1.510000e+02	1.520000e+02	0.000000e+00	0.000000e+00	0.000000e+00
1.520000e+02	1.530000e+02	0.000000e+00	0.000000e+00	0.000000e+00
1.530000e+02	1.540000e+02	0.000000e+00	0.000000e+00	0.000000e+00
1.540000e+02	1.550000e+02	0.000000e+00	0.000000e+00	0.000000e+00
1.550000e+02	1.560000e+02	0.000000e+00	0.000000e+00	0.000000e+00
1.560000e+02	1.570000e+02	0.000000e+00	0.000000e+00	0.000000e+00
1.570000e+02	1.580000e+02	0.000000e+00	0.000000e+00	0.000000e+00
1.580000e+02	1.590000e+02	0.000000e+00	0.000000e+00	0.000000e+00
1.590000e+02	1.600000e+02	0.000000e+00	0.000000e+00	0.000000e+00
1.600000e+02	1.610000e+02	0.000000e+00	0.000000e+00	0.000000e+00
1.610000e+02	1.620000e+02	0.000000e+00	0.000000e+00	0.000000e+00
1.620000e+02	1.630000e+02	0.000000e+00	0.000000e+00	0.000000e+00
1.630000e+02	1.640000e+02	0.000000e+00	0.000000e+00	0.000000e+00
1.640000e+02	1.650000e+02	0.000000e+00	0.000000e+00	0.000000e+00
1.650000e+02	1.660000e+02	0.000000e+00	0.000000e+00	0.000000e+00
1.660000e+02	1.670000e+02	0.000000e+00	0.000000e+00	0.000000e+00
1.670000e+02	1.680000e+02	0.000000e+00	0.000000e+00	0.000000e+00
1.680000e+02	1.690000e+02	0.000000e+00	0.000000e+00	0.000000e+00
1.690000e+02	1.700000e+02	0.000000e+00	0.000000e+00	0.000000e+00
1.700000e+02	1.710000e+02	0.000000e+00	0.000000e+00	0.000000e+00
1.710000e+02	1.720000e+02	0.000000e+00	0.000000e+00	0.000000e+00
1.720000e+02	1.730000e+02	0.000000e+00	0.000000e+00	0.000000e+00
1.730000e+02	1.740000e+02	0.000000e+00	0.000000e+00	0.000000e+00
1.740000e+02	1.750000e+02	0.000000e+00	0.000000e+00	0.000000e+00
# END HISTO1D

