# BEGIN PLOT
Legend=1
LogY=1
DrawOnly=//Users/zhupengxuan/Buding/mRC-variables/WW.yoda/CEPC_SMUON/hist_dR_lm_Recoil[Weight_MERGING=0.000] //Users/zhupengxuan/Buding/mRC-variables/WW.yoda/CEPC_SMUON/hist_dR_lm_Recoil
LegendOnly=//Users/zhupengxuan/Buding/mRC-variables/WW.yoda/CEPC_SMUON/hist_dR_lm_Recoil
RatioPlot=1
RatioPlotReference=//Users/zhupengxuan/Buding/mRC-variables/WW.yoda/CEPC_SMUON/hist_dR_lm_Recoil
RatioPlotYLabel=Ratio
# END PLOT

# BEGIN HISTO1D //Users/zhupengxuan/Buding/mRC-variables/WW.yoda/CEPC_SMUON/hist_dR_lm_Recoil[Weight_MERGING=0.000]
LineColor=red!30
LineStyle=solid
Path=//Users/zhupengxuan/Buding/mRC-variables/WW.yoda/CEPC_SMUON/hist_dR_lm_Recoil[Weight_MERGING=0.000]
ScaledBy=1.00000000000000000e+00
Title=WW
# xlow	 xhigh	 val	 errminus	 errplus
0.000000e+00	2.000000e-01	5.242245e-05	7.133793e-06	7.133793e-06
2.000000e-01	4.000000e-01	1.514426e-04	1.212512e-05	1.212512e-05
4.000000e-01	6.000000e-01	3.902561e-04	1.946420e-05	1.946420e-05
6.000000e-01	8.000000e-01	7.601255e-04	2.716468e-05	2.716468e-05
8.000000e-01	1.000000e+00	2.712377e-03	5.131411e-05	5.131411e-05
1.000000e+00	1.200000e+00	9.275865e-03	9.489406e-05	9.489406e-05
1.200000e+00	1.400000e+00	1.987782e-02	1.389141e-04	1.389141e-04
1.400000e+00	1.600000e+00	3.260483e-02	1.779110e-04	1.779110e-04
1.600000e+00	1.800000e+00	4.583956e-02	2.109512e-04	2.109512e-04
1.800000e+00	2.000000e+00	5.981595e-02	2.409741e-04	2.409741e-04
2.000000e+00	2.200000e+00	7.493210e-02	2.697092e-04	2.697092e-04
2.200000e+00	2.400000e+00	8.979095e-02	2.952420e-04	2.952420e-04
2.400000e+00	2.600000e+00	1.047721e-01	3.189222e-04	3.189222e-04
2.600000e+00	2.800000e+00	1.180981e-01	3.385971e-04	3.385971e-04
2.800000e+00	3.000000e+00	1.191980e-01	3.401703e-04	3.401703e-04
3.000000e+00	3.200000e+00	9.788340e-02	3.082594e-04	3.082594e-04
3.200000e+00	3.400000e+00	5.242440e-02	2.255945e-04	2.255945e-04
3.400000e+00	3.600000e+00	3.171073e-02	1.754547e-04	1.754547e-04
3.600000e+00	3.800000e+00	2.046612e-02	1.409547e-04	1.409547e-04
3.800000e+00	4.000000e+00	1.311726e-02	1.128453e-04	1.128453e-04
4.000000e+00	4.200000e+00	8.354585e-03	9.005843e-05	9.005843e-05
4.200000e+00	4.400000e+00	5.270400e-03	7.152924e-05	7.152924e-05
4.400000e+00	4.600000e+00	3.336593e-03	5.691325e-05	5.691325e-05
4.600000e+00	4.800000e+00	2.097869e-03	4.512852e-05	4.512852e-05
4.800000e+00	5.000000e+00	1.193096e-03	3.403295e-05	3.403295e-05
5.000000e+00	5.200000e+00	7.814830e-04	2.754366e-05	2.754366e-05
5.200000e+00	5.400000e+00	4.582111e-04	2.109088e-05	2.109088e-05
5.400000e+00	5.600000e+00	3.155056e-04	1.750110e-05	1.750110e-05
5.600000e+00	5.800000e+00	1.825078e-04	1.331075e-05	1.331075e-05
5.800000e+00	6.000000e+00	1.368809e-04	1.152745e-05	1.152745e-05
6.000000e+00	6.200000e+00	7.086740e-05	8.294402e-06	8.294402e-06
6.200000e+00	6.400000e+00	5.824720e-05	7.519679e-06	7.519679e-06
6.400000e+00	6.600000e+00	3.786067e-05	6.062559e-06	6.062559e-06
6.600000e+00	6.800000e+00	2.038651e-05	4.448702e-06	4.448702e-06
6.800000e+00	7.000000e+00	1.456179e-05	3.759839e-06	3.759839e-06
7.000000e+00	7.200000e+00	1.067865e-05	3.219734e-06	3.219734e-06
7.200000e+00	7.400000e+00	9.707865e-06	3.069896e-06	3.069896e-06
7.400000e+00	7.600000e+00	4.853932e-06	2.170744e-06	2.170744e-06
7.600000e+00	7.800000e+00	2.912359e-06	1.681451e-06	1.681451e-06
7.800000e+00	8.000000e+00	2.912359e-06	1.681451e-06	1.681451e-06
8.000000e+00	8.200000e+00	1.941573e-06	1.372899e-06	1.372899e-06
8.200000e+00	8.400000e+00	9.707865e-07	9.707864e-07	9.707864e-07
8.400000e+00	8.600000e+00	9.707865e-07	9.707864e-07	9.707864e-07
8.600000e+00	8.800000e+00	9.707865e-07	9.707864e-07	9.707864e-07
8.800000e+00	9.000000e+00	0.000000e+00	0.000000e+00	0.000000e+00
9.000000e+00	9.200000e+00	0.000000e+00	0.000000e+00	0.000000e+00
9.200000e+00	9.400000e+00	0.000000e+00	0.000000e+00	0.000000e+00
9.400000e+00	9.600000e+00	0.000000e+00	0.000000e+00	0.000000e+00
9.600000e+00	9.800000e+00	0.000000e+00	0.000000e+00	0.000000e+00
9.800000e+00	1.000000e+01	0.000000e+00	0.000000e+00	0.000000e+00
1.000000e+01	1.020000e+01	0.000000e+00	0.000000e+00	0.000000e+00
1.020000e+01	1.040000e+01	0.000000e+00	0.000000e+00	0.000000e+00
1.040000e+01	1.060000e+01	0.000000e+00	0.000000e+00	0.000000e+00
1.060000e+01	1.080000e+01	0.000000e+00	0.000000e+00	0.000000e+00
1.080000e+01	1.100000e+01	0.000000e+00	0.000000e+00	0.000000e+00
1.100000e+01	1.120000e+01	0.000000e+00	0.000000e+00	0.000000e+00
1.120000e+01	1.140000e+01	0.000000e+00	0.000000e+00	0.000000e+00
1.140000e+01	1.160000e+01	0.000000e+00	0.000000e+00	0.000000e+00
1.160000e+01	1.180000e+01	0.000000e+00	0.000000e+00	0.000000e+00
1.180000e+01	1.200000e+01	0.000000e+00	0.000000e+00	0.000000e+00
1.200000e+01	1.220000e+01	0.000000e+00	0.000000e+00	0.000000e+00
1.220000e+01	1.240000e+01	0.000000e+00	0.000000e+00	0.000000e+00
1.240000e+01	1.260000e+01	0.000000e+00	0.000000e+00	0.000000e+00
1.260000e+01	1.280000e+01	0.000000e+00	0.000000e+00	0.000000e+00
1.280000e+01	1.300000e+01	0.000000e+00	0.000000e+00	0.000000e+00
1.300000e+01	1.320000e+01	0.000000e+00	0.000000e+00	0.000000e+00
1.320000e+01	1.340000e+01	0.000000e+00	0.000000e+00	0.000000e+00
1.340000e+01	1.360000e+01	0.000000e+00	0.000000e+00	0.000000e+00
1.360000e+01	1.380000e+01	0.000000e+00	0.000000e+00	0.000000e+00
1.380000e+01	1.400000e+01	0.000000e+00	0.000000e+00	0.000000e+00
1.400000e+01	1.420000e+01	0.000000e+00	0.000000e+00	0.000000e+00
1.420000e+01	1.440000e+01	0.000000e+00	0.000000e+00	0.000000e+00
1.440000e+01	1.460000e+01	0.000000e+00	0.000000e+00	0.000000e+00
1.460000e+01	1.480000e+01	0.000000e+00	0.000000e+00	0.000000e+00
1.480000e+01	1.500000e+01	0.000000e+00	0.000000e+00	0.000000e+00
1.500000e+01	1.520000e+01	0.000000e+00	0.000000e+00	0.000000e+00
1.520000e+01	1.540000e+01	0.000000e+00	0.000000e+00	0.000000e+00
1.540000e+01	1.560000e+01	0.000000e+00	0.000000e+00	0.000000e+00
1.560000e+01	1.580000e+01	0.000000e+00	0.000000e+00	0.000000e+00
1.580000e+01	1.600000e+01	0.000000e+00	0.000000e+00	0.000000e+00
1.600000e+01	1.620000e+01	0.000000e+00	0.000000e+00	0.000000e+00
1.620000e+01	1.640000e+01	0.000000e+00	0.000000e+00	0.000000e+00
1.640000e+01	1.660000e+01	0.000000e+00	0.000000e+00	0.000000e+00
1.660000e+01	1.680000e+01	0.000000e+00	0.000000e+00	0.000000e+00
1.680000e+01	1.700000e+01	0.000000e+00	0.000000e+00	0.000000e+00
1.700000e+01	1.720000e+01	0.000000e+00	0.000000e+00	0.000000e+00
1.720000e+01	1.740000e+01	0.000000e+00	0.000000e+00	0.000000e+00
1.740000e+01	1.760000e+01	0.000000e+00	0.000000e+00	0.000000e+00
1.760000e+01	1.780000e+01	0.000000e+00	0.000000e+00	0.000000e+00
1.780000e+01	1.800000e+01	0.000000e+00	0.000000e+00	0.000000e+00
1.800000e+01	1.820000e+01	0.000000e+00	0.000000e+00	0.000000e+00
1.820000e+01	1.840000e+01	0.000000e+00	0.000000e+00	0.000000e+00
1.840000e+01	1.860000e+01	0.000000e+00	0.000000e+00	0.000000e+00
1.860000e+01	1.880000e+01	0.000000e+00	0.000000e+00	0.000000e+00
1.880000e+01	1.900000e+01	0.000000e+00	0.000000e+00	0.000000e+00
1.900000e+01	1.920000e+01	0.000000e+00	0.000000e+00	0.000000e+00
1.920000e+01	1.940000e+01	0.000000e+00	0.000000e+00	0.000000e+00
1.940000e+01	1.960000e+01	0.000000e+00	0.000000e+00	0.000000e+00
1.960000e+01	1.980000e+01	0.000000e+00	0.000000e+00	0.000000e+00
1.980000e+01	2.000000e+01	0.000000e+00	0.000000e+00	0.000000e+00
# END HISTO1D


# BEGIN HISTO1D //Users/zhupengxuan/Buding/mRC-variables/WW.yoda/CEPC_SMUON/hist_dR_lm_Recoil
LineColor=red
LineStyle=solid
Path=//Users/zhupengxuan/Buding/mRC-variables/WW.yoda/CEPC_SMUON/hist_dR_lm_Recoil
ScaledBy=1.00000000000000000e+00
Title=WW
# xlow	 xhigh	 val	 errminus	 errplus
0.000000e+00	2.000000e-01	5.242245e+01	7.133793e+00	7.133793e+00
2.000000e-01	4.000000e-01	1.514426e+02	1.212512e+01	1.212512e+01
4.000000e-01	6.000000e-01	3.902561e+02	1.946420e+01	1.946420e+01
6.000000e-01	8.000000e-01	7.601255e+02	2.716468e+01	2.716468e+01
8.000000e-01	1.000000e+00	2.712377e+03	5.131411e+01	5.131411e+01
1.000000e+00	1.200000e+00	9.275865e+03	9.489406e+01	9.489406e+01
1.200000e+00	1.400000e+00	1.987782e+04	1.389141e+02	1.389141e+02
1.400000e+00	1.600000e+00	3.260483e+04	1.779110e+02	1.779110e+02
1.600000e+00	1.800000e+00	4.583956e+04	2.109512e+02	2.109512e+02
1.800000e+00	2.000000e+00	5.981595e+04	2.409741e+02	2.409741e+02
2.000000e+00	2.200000e+00	7.493210e+04	2.697092e+02	2.697092e+02
2.200000e+00	2.400000e+00	8.979095e+04	2.952420e+02	2.952420e+02
2.400000e+00	2.600000e+00	1.047721e+05	3.189222e+02	3.189222e+02
2.600000e+00	2.800000e+00	1.180981e+05	3.385971e+02	3.385971e+02
2.800000e+00	3.000000e+00	1.191980e+05	3.401703e+02	3.401703e+02
3.000000e+00	3.200000e+00	9.788340e+04	3.082594e+02	3.082594e+02
3.200000e+00	3.400000e+00	5.242440e+04	2.255945e+02	2.255945e+02
3.400000e+00	3.600000e+00	3.171073e+04	1.754547e+02	1.754547e+02
3.600000e+00	3.800000e+00	2.046612e+04	1.409547e+02	1.409547e+02
3.800000e+00	4.000000e+00	1.311726e+04	1.128453e+02	1.128453e+02
4.000000e+00	4.200000e+00	8.354585e+03	9.005843e+01	9.005843e+01
4.200000e+00	4.400000e+00	5.270400e+03	7.152924e+01	7.152924e+01
4.400000e+00	4.600000e+00	3.336593e+03	5.691325e+01	5.691325e+01
4.600000e+00	4.800000e+00	2.097869e+03	4.512852e+01	4.512852e+01
4.800000e+00	5.000000e+00	1.193096e+03	3.403295e+01	3.403295e+01
5.000000e+00	5.200000e+00	7.814830e+02	2.754366e+01	2.754366e+01
5.200000e+00	5.400000e+00	4.582111e+02	2.109088e+01	2.109088e+01
5.400000e+00	5.600000e+00	3.155056e+02	1.750110e+01	1.750110e+01
5.600000e+00	5.800000e+00	1.825078e+02	1.331075e+01	1.331075e+01
5.800000e+00	6.000000e+00	1.368809e+02	1.152745e+01	1.152745e+01
6.000000e+00	6.200000e+00	7.086740e+01	8.294402e+00	8.294402e+00
6.200000e+00	6.400000e+00	5.824720e+01	7.519679e+00	7.519679e+00
6.400000e+00	6.600000e+00	3.786067e+01	6.062559e+00	6.062559e+00
6.600000e+00	6.800000e+00	2.038651e+01	4.448702e+00	4.448702e+00
6.800000e+00	7.000000e+00	1.456179e+01	3.759839e+00	3.759839e+00
7.000000e+00	7.200000e+00	1.067865e+01	3.219734e+00	3.219734e+00
7.200000e+00	7.400000e+00	9.707865e+00	3.069896e+00	3.069896e+00
7.400000e+00	7.600000e+00	4.853932e+00	2.170744e+00	2.170744e+00
7.600000e+00	7.800000e+00	2.912359e+00	1.681451e+00	1.681451e+00
7.800000e+00	8.000000e+00	2.912359e+00	1.681451e+00	1.681451e+00
8.000000e+00	8.200000e+00	1.941573e+00	1.372899e+00	1.372899e+00
8.200000e+00	8.400000e+00	9.707865e-01	9.707864e-01	9.707864e-01
8.400000e+00	8.600000e+00	9.707865e-01	9.707864e-01	9.707864e-01
8.600000e+00	8.800000e+00	9.707865e-01	9.707864e-01	9.707864e-01
8.800000e+00	9.000000e+00	0.000000e+00	0.000000e+00	0.000000e+00
9.000000e+00	9.200000e+00	0.000000e+00	0.000000e+00	0.000000e+00
9.200000e+00	9.400000e+00	0.000000e+00	0.000000e+00	0.000000e+00
9.400000e+00	9.600000e+00	0.000000e+00	0.000000e+00	0.000000e+00
9.600000e+00	9.800000e+00	0.000000e+00	0.000000e+00	0.000000e+00
9.800000e+00	1.000000e+01	0.000000e+00	0.000000e+00	0.000000e+00
1.000000e+01	1.020000e+01	0.000000e+00	0.000000e+00	0.000000e+00
1.020000e+01	1.040000e+01	0.000000e+00	0.000000e+00	0.000000e+00
1.040000e+01	1.060000e+01	0.000000e+00	0.000000e+00	0.000000e+00
1.060000e+01	1.080000e+01	0.000000e+00	0.000000e+00	0.000000e+00
1.080000e+01	1.100000e+01	0.000000e+00	0.000000e+00	0.000000e+00
1.100000e+01	1.120000e+01	0.000000e+00	0.000000e+00	0.000000e+00
1.120000e+01	1.140000e+01	0.000000e+00	0.000000e+00	0.000000e+00
1.140000e+01	1.160000e+01	0.000000e+00	0.000000e+00	0.000000e+00
1.160000e+01	1.180000e+01	0.000000e+00	0.000000e+00	0.000000e+00
1.180000e+01	1.200000e+01	0.000000e+00	0.000000e+00	0.000000e+00
1.200000e+01	1.220000e+01	0.000000e+00	0.000000e+00	0.000000e+00
1.220000e+01	1.240000e+01	0.000000e+00	0.000000e+00	0.000000e+00
1.240000e+01	1.260000e+01	0.000000e+00	0.000000e+00	0.000000e+00
1.260000e+01	1.280000e+01	0.000000e+00	0.000000e+00	0.000000e+00
1.280000e+01	1.300000e+01	0.000000e+00	0.000000e+00	0.000000e+00
1.300000e+01	1.320000e+01	0.000000e+00	0.000000e+00	0.000000e+00
1.320000e+01	1.340000e+01	0.000000e+00	0.000000e+00	0.000000e+00
1.340000e+01	1.360000e+01	0.000000e+00	0.000000e+00	0.000000e+00
1.360000e+01	1.380000e+01	0.000000e+00	0.000000e+00	0.000000e+00
1.380000e+01	1.400000e+01	0.000000e+00	0.000000e+00	0.000000e+00
1.400000e+01	1.420000e+01	0.000000e+00	0.000000e+00	0.000000e+00
1.420000e+01	1.440000e+01	0.000000e+00	0.000000e+00	0.000000e+00
1.440000e+01	1.460000e+01	0.000000e+00	0.000000e+00	0.000000e+00
1.460000e+01	1.480000e+01	0.000000e+00	0.000000e+00	0.000000e+00
1.480000e+01	1.500000e+01	0.000000e+00	0.000000e+00	0.000000e+00
1.500000e+01	1.520000e+01	0.000000e+00	0.000000e+00	0.000000e+00
1.520000e+01	1.540000e+01	0.000000e+00	0.000000e+00	0.000000e+00
1.540000e+01	1.560000e+01	0.000000e+00	0.000000e+00	0.000000e+00
1.560000e+01	1.580000e+01	0.000000e+00	0.000000e+00	0.000000e+00
1.580000e+01	1.600000e+01	0.000000e+00	0.000000e+00	0.000000e+00
1.600000e+01	1.620000e+01	0.000000e+00	0.000000e+00	0.000000e+00
1.620000e+01	1.640000e+01	0.000000e+00	0.000000e+00	0.000000e+00
1.640000e+01	1.660000e+01	0.000000e+00	0.000000e+00	0.000000e+00
1.660000e+01	1.680000e+01	0.000000e+00	0.000000e+00	0.000000e+00
1.680000e+01	1.700000e+01	0.000000e+00	0.000000e+00	0.000000e+00
1.700000e+01	1.720000e+01	0.000000e+00	0.000000e+00	0.000000e+00
1.720000e+01	1.740000e+01	0.000000e+00	0.000000e+00	0.000000e+00
1.740000e+01	1.760000e+01	0.000000e+00	0.000000e+00	0.000000e+00
1.760000e+01	1.780000e+01	0.000000e+00	0.000000e+00	0.000000e+00
1.780000e+01	1.800000e+01	0.000000e+00	0.000000e+00	0.000000e+00
1.800000e+01	1.820000e+01	0.000000e+00	0.000000e+00	0.000000e+00
1.820000e+01	1.840000e+01	0.000000e+00	0.000000e+00	0.000000e+00
1.840000e+01	1.860000e+01	0.000000e+00	0.000000e+00	0.000000e+00
1.860000e+01	1.880000e+01	0.000000e+00	0.000000e+00	0.000000e+00
1.880000e+01	1.900000e+01	0.000000e+00	0.000000e+00	0.000000e+00
1.900000e+01	1.920000e+01	0.000000e+00	0.000000e+00	0.000000e+00
1.920000e+01	1.940000e+01	0.000000e+00	0.000000e+00	0.000000e+00
1.940000e+01	1.960000e+01	0.000000e+00	0.000000e+00	0.000000e+00
1.960000e+01	1.980000e+01	0.000000e+00	0.000000e+00	0.000000e+00
1.980000e+01	2.000000e+01	0.000000e+00	0.000000e+00	0.000000e+00
# END HISTO1D

