# BEGIN PLOT
Legend=1
LogY=1
DrawOnly=//Users/zhupengxuan/Buding/mRC-variables/WW.yoda/CEPC_SMUON/hist_dM_RC[Weight_MERGING=0.000] //Users/zhupengxuan/Buding/mRC-variables/WW.yoda/CEPC_SMUON/hist_dM_RC
LegendOnly=//Users/zhupengxuan/Buding/mRC-variables/WW.yoda/CEPC_SMUON/hist_dM_RC
RatioPlot=1
RatioPlotReference=//Users/zhupengxuan/Buding/mRC-variables/WW.yoda/CEPC_SMUON/hist_dM_RC
RatioPlotYLabel=Ratio
# END PLOT

# BEGIN HISTO1D //Users/zhupengxuan/Buding/mRC-variables/WW.yoda/CEPC_SMUON/hist_dM_RC[Weight_MERGING=0.000]
LineColor=red!30
LineStyle=solid
Path=//Users/zhupengxuan/Buding/mRC-variables/WW.yoda/CEPC_SMUON/hist_dM_RC[Weight_MERGING=0.000]
ScaledBy=1.00000000000000000e+00
Title=WW
# xlow	 xhigh	 val	 errminus	 errplus
0.000000e+00	1.000000e+00	3.883145e-07	2.745798e-07	2.745798e-07
1.000000e+00	2.000000e+00	9.707863e-07	4.341488e-07	4.341488e-07
2.000000e+00	3.000000e+00	2.135730e-06	6.439468e-07	6.439468e-07
3.000000e+00	4.000000e+00	3.883145e-06	8.682977e-07	8.682977e-07
4.000000e+00	5.000000e+00	4.271460e-06	9.106783e-07	9.106783e-07
5.000000e+00	6.000000e+00	5.824718e-06	1.063443e-06	1.063443e-06
6.000000e+00	7.000000e+00	6.407190e-06	1.115349e-06	1.115349e-06
7.000000e+00	8.000000e+00	7.377976e-06	1.196866e-06	1.196866e-06
8.000000e+00	9.000000e+00	7.572134e-06	1.212512e-06	1.212512e-06
9.000000e+00	1.000000e+01	7.766291e-06	1.227958e-06	1.227958e-06
1.000000e+01	1.100000e+01	1.300854e-05	1.589246e-06	1.589246e-06
1.100000e+01	1.200000e+01	1.630921e-05	1.779481e-06	1.779481e-06
1.200000e+01	1.300000e+01	1.786247e-05	1.862291e-06	1.862291e-06
1.300000e+01	1.400000e+01	2.659955e-05	2.272553e-06	2.272553e-06
1.400000e+01	1.500000e+01	3.688988e-05	2.676273e-06	2.676273e-06
1.500000e+01	1.600000e+01	4.679190e-05	3.014131e-06	3.014131e-06
1.600000e+01	1.700000e+01	8.659414e-05	4.100351e-06	4.100351e-06
1.700000e+01	1.800000e+01	1.436764e-04	5.281648e-06	5.281648e-06
1.800000e+01	1.900000e+01	1.733824e-04	5.802022e-06	5.802022e-06
1.900000e+01	2.000000e+01	2.273582e-04	6.644038e-06	6.644038e-06
2.000000e+01	2.100000e+01	2.774507e-04	7.339556e-06	7.339556e-06
2.100000e+01	2.200000e+01	3.178355e-04	7.855575e-06	7.855575e-06
2.200000e+01	2.300000e+01	3.731703e-04	8.511975e-06	8.511975e-06
2.300000e+01	2.400000e+01	4.133608e-04	8.958628e-06	8.958628e-06
2.400000e+01	2.500000e+01	4.543280e-04	9.392076e-06	9.392076e-06
2.500000e+01	2.600000e+01	5.094687e-04	9.945705e-06	9.945705e-06
2.600000e+01	2.700000e+01	5.574255e-04	1.040328e-05	1.040328e-05
2.700000e+01	2.800000e+01	5.950920e-04	1.074902e-05	1.074902e-05
2.800000e+01	2.900000e+01	6.358651e-04	1.111116e-05	1.111116e-05
2.900000e+01	3.000000e+01	6.735316e-04	1.143552e-05	1.143552e-05
3.000000e+01	3.100000e+01	7.203235e-04	1.182607e-05	1.182607e-05
3.100000e+01	3.200000e+01	7.438165e-04	1.201738e-05	1.201738e-05
3.200000e+01	3.300000e+01	7.906084e-04	1.238961e-05	1.238961e-05
3.300000e+01	3.400000e+01	8.236151e-04	1.264559e-05	1.264559e-05
3.400000e+01	3.500000e+01	8.758434e-04	1.304038e-05	1.304038e-05
3.500000e+01	3.600000e+01	9.189464e-04	1.335740e-05	1.335740e-05
3.600000e+01	3.700000e+01	9.682623e-04	1.371113e-05	1.371113e-05
3.700000e+01	3.800000e+01	1.004764e-03	1.396718e-05	1.396718e-05
3.800000e+01	3.900000e+01	1.073496e-03	1.443700e-05	1.443700e-05
3.900000e+01	4.000000e+01	1.097959e-03	1.460058e-05	1.460058e-05
4.000000e+01	4.100000e+01	1.126306e-03	1.478785e-05	1.478785e-05
4.100000e+01	4.200000e+01	1.225909e-03	1.542787e-05	1.542787e-05
4.200000e+01	4.300000e+01	1.225909e-03	1.542787e-05	1.542787e-05
4.300000e+01	4.400000e+01	1.295611e-03	1.586040e-05	1.586040e-05
4.400000e+01	4.500000e+01	1.343762e-03	1.615244e-05	1.615244e-05
4.500000e+01	4.600000e+01	1.430551e-03	1.666589e-05	1.666589e-05
4.600000e+01	4.700000e+01	1.496176e-03	1.704387e-05	1.704387e-05
4.700000e+01	4.800000e+01	1.567432e-03	1.744501e-05	1.744501e-05
4.800000e+01	4.900000e+01	1.653443e-03	1.791725e-05	1.791725e-05
4.900000e+01	5.000000e+01	1.721981e-03	1.828483e-05	1.828483e-05
5.000000e+01	5.100000e+01	1.798285e-03	1.868556e-05	1.868556e-05
5.100000e+01	5.200000e+01	1.914002e-03	1.927738e-05	1.927738e-05
5.200000e+01	5.300000e+01	2.035933e-03	1.988193e-05	1.988193e-05
5.300000e+01	5.400000e+01	2.157670e-03	2.046771e-05	2.046771e-05
5.400000e+01	5.500000e+01	2.311442e-03	2.118451e-05	2.118451e-05
5.500000e+01	5.600000e+01	2.428907e-03	2.171612e-05	2.171612e-05
5.600000e+01	5.700000e+01	2.599766e-03	2.246694e-05	2.246694e-05
5.700000e+01	5.800000e+01	2.740336e-03	2.306634e-05	2.306634e-05
5.800000e+01	5.900000e+01	2.919155e-03	2.380704e-05	2.380704e-05
5.900000e+01	6.000000e+01	3.175830e-03	2.483165e-05	2.483165e-05
6.000000e+01	6.100000e+01	3.426682e-03	2.579370e-05	2.579370e-05
6.100000e+01	6.200000e+01	3.604918e-03	2.645602e-05	2.645602e-05
6.200000e+01	6.300000e+01	3.902755e-03	2.752723e-05	2.752723e-05
6.300000e+01	6.400000e+01	4.223503e-03	2.863606e-05	2.863606e-05
6.400000e+01	6.500000e+01	4.666958e-03	3.010189e-05	3.010189e-05
6.500000e+01	6.600000e+01	5.163224e-03	3.166193e-05	3.166193e-05
6.600000e+01	6.700000e+01	5.567654e-03	3.287856e-05	3.287856e-05
6.700000e+01	6.800000e+01	5.877529e-03	3.378113e-05	3.378113e-05
6.800000e+01	6.900000e+01	6.023147e-03	3.419705e-05	3.419705e-05
6.900000e+01	7.000000e+01	6.150902e-03	3.455781e-05	3.455781e-05
7.000000e+01	7.100000e+01	6.287395e-03	3.493913e-05	3.493913e-05
7.100000e+01	7.200000e+01	6.337293e-03	3.507751e-05	3.507751e-05
7.200000e+01	7.300000e+01	6.386221e-03	3.521265e-05	3.521265e-05
7.300000e+01	7.400000e+01	6.385056e-03	3.520944e-05	3.520944e-05
7.400000e+01	7.500000e+01	6.231672e-03	3.478396e-05	3.478396e-05
7.500000e+01	7.600000e+01	5.799478e-03	3.355609e-05	3.355609e-05
7.600000e+01	7.700000e+01	5.447276e-03	3.252119e-05	3.252119e-05
7.700000e+01	7.800000e+01	5.019742e-03	3.121889e-05	3.121889e-05
7.800000e+01	7.900000e+01	4.712585e-03	3.024868e-05	3.024868e-05
7.900000e+01	8.000000e+01	4.384265e-03	2.917597e-05	2.917597e-05
8.000000e+01	8.100000e+01	4.015172e-03	2.792087e-05	2.792087e-05
8.100000e+01	8.200000e+01	3.692871e-03	2.677681e-05	2.677681e-05
8.200000e+01	8.300000e+01	3.303003e-03	2.532394e-05	2.532394e-05
8.300000e+01	8.400000e+01	2.995847e-03	2.411774e-05	2.411774e-05
8.400000e+01	8.500000e+01	2.654324e-03	2.270146e-05	2.270146e-05
8.500000e+01	8.600000e+01	2.288143e-03	2.107747e-05	2.107747e-05
8.600000e+01	8.700000e+01	1.937884e-03	1.939727e-05	1.939727e-05
8.700000e+01	8.800000e+01	1.545492e-03	1.732249e-05	1.732249e-05
8.800000e+01	8.900000e+01	1.079126e-03	1.447481e-05	1.447481e-05
8.900000e+01	9.000000e+01	5.403397e-04	1.024260e-05	1.024260e-05
9.000000e+01	9.100000e+01	2.193977e-04	6.526688e-06	6.526688e-06
9.100000e+01	9.200000e+01	1.302795e-04	5.029386e-06	5.029386e-06
9.200000e+01	9.300000e+01	9.746695e-05	4.350163e-06	4.350163e-06
9.300000e+01	9.400000e+01	6.834336e-05	3.642713e-06	3.642713e-06
9.400000e+01	9.500000e+01	5.572314e-05	3.289232e-06	3.289232e-06
9.500000e+01	9.600000e+01	3.630741e-05	2.655061e-06	2.655061e-06
9.600000e+01	9.700000e+01	3.688988e-05	2.676273e-06	2.676273e-06
9.700000e+01	9.800000e+01	2.349303e-05	2.135730e-06	2.135730e-06
9.800000e+01	9.900000e+01	2.193977e-05	2.063920e-06	2.063920e-06
9.900000e+01	1.000000e+02	1.708584e-05	1.821357e-06	1.821357e-06
1.000000e+02	1.010000e+02	1.242607e-05	1.553258e-06	1.553258e-06
1.010000e+02	1.020000e+02	1.164944e-05	1.503936e-06	1.503936e-06
1.020000e+02	1.030000e+02	1.067865e-05	1.439909e-06	1.439909e-06
1.030000e+02	1.040000e+02	7.572134e-06	1.212512e-06	1.212512e-06
1.040000e+02	1.050000e+02	4.465617e-06	9.311455e-07	9.311455e-07
1.050000e+02	1.060000e+02	4.077303e-06	8.897404e-07	8.897404e-07
1.060000e+02	1.070000e+02	2.329887e-06	6.725805e-07	6.725805e-07
1.070000e+02	1.080000e+02	2.329887e-06	6.725805e-07	6.725805e-07
1.080000e+02	1.090000e+02	2.912359e-06	7.519679e-07	7.519679e-07
1.090000e+02	1.100000e+02	7.766291e-07	3.883146e-07	3.883146e-07
1.100000e+02	1.110000e+02	1.164944e-06	4.755863e-07	4.755863e-07
1.110000e+02	1.120000e+02	3.883145e-07	2.745798e-07	2.745798e-07
1.120000e+02	1.130000e+02	3.883145e-07	2.745798e-07	2.745798e-07
1.130000e+02	1.140000e+02	3.883145e-07	2.745798e-07	2.745798e-07
1.140000e+02	1.150000e+02	1.941573e-07	1.941573e-07	1.941573e-07
1.150000e+02	1.160000e+02	0.000000e+00	0.000000e+00	0.000000e+00
1.160000e+02	1.170000e+02	0.000000e+00	0.000000e+00	0.000000e+00
1.170000e+02	1.180000e+02	0.000000e+00	0.000000e+00	0.000000e+00
1.180000e+02	1.190000e+02	0.000000e+00	0.000000e+00	0.000000e+00
1.190000e+02	1.200000e+02	0.000000e+00	0.000000e+00	0.000000e+00
1.200000e+02	1.210000e+02	0.000000e+00	0.000000e+00	0.000000e+00
1.210000e+02	1.220000e+02	0.000000e+00	0.000000e+00	0.000000e+00
1.220000e+02	1.230000e+02	0.000000e+00	0.000000e+00	0.000000e+00
1.230000e+02	1.240000e+02	0.000000e+00	0.000000e+00	0.000000e+00
1.240000e+02	1.250000e+02	0.000000e+00	0.000000e+00	0.000000e+00
1.250000e+02	1.260000e+02	0.000000e+00	0.000000e+00	0.000000e+00
1.260000e+02	1.270000e+02	0.000000e+00	0.000000e+00	0.000000e+00
1.270000e+02	1.280000e+02	0.000000e+00	0.000000e+00	0.000000e+00
1.280000e+02	1.290000e+02	0.000000e+00	0.000000e+00	0.000000e+00
1.290000e+02	1.300000e+02	0.000000e+00	0.000000e+00	0.000000e+00
1.300000e+02	1.310000e+02	0.000000e+00	0.000000e+00	0.000000e+00
1.310000e+02	1.320000e+02	0.000000e+00	0.000000e+00	0.000000e+00
1.320000e+02	1.330000e+02	0.000000e+00	0.000000e+00	0.000000e+00
1.330000e+02	1.340000e+02	0.000000e+00	0.000000e+00	0.000000e+00
1.340000e+02	1.350000e+02	0.000000e+00	0.000000e+00	0.000000e+00
1.350000e+02	1.360000e+02	0.000000e+00	0.000000e+00	0.000000e+00
1.360000e+02	1.370000e+02	0.000000e+00	0.000000e+00	0.000000e+00
1.370000e+02	1.380000e+02	0.000000e+00	0.000000e+00	0.000000e+00
1.380000e+02	1.390000e+02	0.000000e+00	0.000000e+00	0.000000e+00
1.390000e+02	1.400000e+02	0.000000e+00	0.000000e+00	0.000000e+00
1.400000e+02	1.410000e+02	0.000000e+00	0.000000e+00	0.000000e+00
1.410000e+02	1.420000e+02	0.000000e+00	0.000000e+00	0.000000e+00
1.420000e+02	1.430000e+02	0.000000e+00	0.000000e+00	0.000000e+00
1.430000e+02	1.440000e+02	0.000000e+00	0.000000e+00	0.000000e+00
1.440000e+02	1.450000e+02	0.000000e+00	0.000000e+00	0.000000e+00
1.450000e+02	1.460000e+02	0.000000e+00	0.000000e+00	0.000000e+00
1.460000e+02	1.470000e+02	0.000000e+00	0.000000e+00	0.000000e+00
1.470000e+02	1.480000e+02	0.000000e+00	0.000000e+00	0.000000e+00
1.480000e+02	1.490000e+02	0.000000e+00	0.000000e+00	0.000000e+00
1.490000e+02	1.500000e+02	0.000000e+00	0.000000e+00	0.000000e+00
1.500000e+02	1.510000e+02	0.000000e+00	0.000000e+00	0.000000e+00
1.510000e+02	1.520000e+02	0.000000e+00	0.000000e+00	0.000000e+00
1.520000e+02	1.530000e+02	0.000000e+00	0.000000e+00	0.000000e+00
1.530000e+02	1.540000e+02	0.000000e+00	0.000000e+00	0.000000e+00
1.540000e+02	1.550000e+02	0.000000e+00	0.000000e+00	0.000000e+00
1.550000e+02	1.560000e+02	0.000000e+00	0.000000e+00	0.000000e+00
1.560000e+02	1.570000e+02	0.000000e+00	0.000000e+00	0.000000e+00
1.570000e+02	1.580000e+02	0.000000e+00	0.000000e+00	0.000000e+00
1.580000e+02	1.590000e+02	0.000000e+00	0.000000e+00	0.000000e+00
1.590000e+02	1.600000e+02	0.000000e+00	0.000000e+00	0.000000e+00
1.600000e+02	1.610000e+02	0.000000e+00	0.000000e+00	0.000000e+00
1.610000e+02	1.620000e+02	0.000000e+00	0.000000e+00	0.000000e+00
1.620000e+02	1.630000e+02	0.000000e+00	0.000000e+00	0.000000e+00
1.630000e+02	1.640000e+02	0.000000e+00	0.000000e+00	0.000000e+00
1.640000e+02	1.650000e+02	0.000000e+00	0.000000e+00	0.000000e+00
1.650000e+02	1.660000e+02	0.000000e+00	0.000000e+00	0.000000e+00
1.660000e+02	1.670000e+02	0.000000e+00	0.000000e+00	0.000000e+00
1.670000e+02	1.680000e+02	0.000000e+00	0.000000e+00	0.000000e+00
1.680000e+02	1.690000e+02	0.000000e+00	0.000000e+00	0.000000e+00
1.690000e+02	1.700000e+02	0.000000e+00	0.000000e+00	0.000000e+00
1.700000e+02	1.710000e+02	0.000000e+00	0.000000e+00	0.000000e+00
1.710000e+02	1.720000e+02	0.000000e+00	0.000000e+00	0.000000e+00
1.720000e+02	1.730000e+02	0.000000e+00	0.000000e+00	0.000000e+00
1.730000e+02	1.740000e+02	0.000000e+00	0.000000e+00	0.000000e+00
1.740000e+02	1.750000e+02	0.000000e+00	0.000000e+00	0.000000e+00
# END HISTO1D


# BEGIN HISTO1D //Users/zhupengxuan/Buding/mRC-variables/WW.yoda/CEPC_SMUON/hist_dM_RC
LineColor=red
LineStyle=solid
Path=//Users/zhupengxuan/Buding/mRC-variables/WW.yoda/CEPC_SMUON/hist_dM_RC
ScaledBy=1.00000000000000000e+00
Title=WW
# xlow	 xhigh	 val	 errminus	 errplus
0.000000e+00	1.000000e+00	3.883145e-01	2.745798e-01	2.745798e-01
1.000000e+00	2.000000e+00	9.707864e-01	4.341488e-01	4.341488e-01
2.000000e+00	3.000000e+00	2.135730e+00	6.439468e-01	6.439468e-01
3.000000e+00	4.000000e+00	3.883145e+00	8.682977e-01	8.682977e-01
4.000000e+00	5.000000e+00	4.271460e+00	9.106783e-01	9.106783e-01
5.000000e+00	6.000000e+00	5.824718e+00	1.063443e+00	1.063443e+00
6.000000e+00	7.000000e+00	6.407190e+00	1.115349e+00	1.115349e+00
7.000000e+00	8.000000e+00	7.377976e+00	1.196866e+00	1.196866e+00
8.000000e+00	9.000000e+00	7.572134e+00	1.212512e+00	1.212512e+00
9.000000e+00	1.000000e+01	7.766291e+00	1.227958e+00	1.227958e+00
1.000000e+01	1.100000e+01	1.300854e+01	1.589246e+00	1.589246e+00
1.100000e+01	1.200000e+01	1.630921e+01	1.779481e+00	1.779481e+00
1.200000e+01	1.300000e+01	1.786247e+01	1.862291e+00	1.862291e+00
1.300000e+01	1.400000e+01	2.659955e+01	2.272553e+00	2.272553e+00
1.400000e+01	1.500000e+01	3.688988e+01	2.676273e+00	2.676273e+00
1.500000e+01	1.600000e+01	4.679190e+01	3.014131e+00	3.014131e+00
1.600000e+01	1.700000e+01	8.659414e+01	4.100351e+00	4.100351e+00
1.700000e+01	1.800000e+01	1.436764e+02	5.281648e+00	5.281648e+00
1.800000e+01	1.900000e+01	1.733824e+02	5.802022e+00	5.802022e+00
1.900000e+01	2.000000e+01	2.273582e+02	6.644038e+00	6.644038e+00
2.000000e+01	2.100000e+01	2.774507e+02	7.339556e+00	7.339556e+00
2.100000e+01	2.200000e+01	3.178355e+02	7.855575e+00	7.855575e+00
2.200000e+01	2.300000e+01	3.731703e+02	8.511975e+00	8.511975e+00
2.300000e+01	2.400000e+01	4.133608e+02	8.958628e+00	8.958628e+00
2.400000e+01	2.500000e+01	4.543280e+02	9.392076e+00	9.392076e+00
2.500000e+01	2.600000e+01	5.094687e+02	9.945705e+00	9.945705e+00
2.600000e+01	2.700000e+01	5.574255e+02	1.040328e+01	1.040328e+01
2.700000e+01	2.800000e+01	5.950920e+02	1.074902e+01	1.074902e+01
2.800000e+01	2.900000e+01	6.358651e+02	1.111116e+01	1.111116e+01
2.900000e+01	3.000000e+01	6.735316e+02	1.143552e+01	1.143552e+01
3.000000e+01	3.100000e+01	7.203235e+02	1.182607e+01	1.182607e+01
3.100000e+01	3.200000e+01	7.438165e+02	1.201738e+01	1.201738e+01
3.200000e+01	3.300000e+01	7.906084e+02	1.238961e+01	1.238961e+01
3.300000e+01	3.400000e+01	8.236151e+02	1.264559e+01	1.264559e+01
3.400000e+01	3.500000e+01	8.758434e+02	1.304038e+01	1.304038e+01
3.500000e+01	3.600000e+01	9.189464e+02	1.335740e+01	1.335740e+01
3.600000e+01	3.700000e+01	9.682623e+02	1.371113e+01	1.371113e+01
3.700000e+01	3.800000e+01	1.004764e+03	1.396718e+01	1.396718e+01
3.800000e+01	3.900000e+01	1.073496e+03	1.443700e+01	1.443700e+01
3.900000e+01	4.000000e+01	1.097959e+03	1.460058e+01	1.460058e+01
4.000000e+01	4.100000e+01	1.126306e+03	1.478785e+01	1.478785e+01
4.100000e+01	4.200000e+01	1.225909e+03	1.542787e+01	1.542787e+01
4.200000e+01	4.300000e+01	1.225909e+03	1.542787e+01	1.542787e+01
4.300000e+01	4.400000e+01	1.295611e+03	1.586040e+01	1.586040e+01
4.400000e+01	4.500000e+01	1.343762e+03	1.615244e+01	1.615244e+01
4.500000e+01	4.600000e+01	1.430551e+03	1.666589e+01	1.666589e+01
4.600000e+01	4.700000e+01	1.496176e+03	1.704387e+01	1.704387e+01
4.700000e+01	4.800000e+01	1.567432e+03	1.744501e+01	1.744501e+01
4.800000e+01	4.900000e+01	1.653443e+03	1.791725e+01	1.791725e+01
4.900000e+01	5.000000e+01	1.721981e+03	1.828483e+01	1.828483e+01
5.000000e+01	5.100000e+01	1.798285e+03	1.868556e+01	1.868556e+01
5.100000e+01	5.200000e+01	1.914002e+03	1.927738e+01	1.927738e+01
5.200000e+01	5.300000e+01	2.035933e+03	1.988193e+01	1.988193e+01
5.300000e+01	5.400000e+01	2.157670e+03	2.046771e+01	2.046771e+01
5.400000e+01	5.500000e+01	2.311442e+03	2.118451e+01	2.118451e+01
5.500000e+01	5.600000e+01	2.428907e+03	2.171612e+01	2.171612e+01
5.600000e+01	5.700000e+01	2.599766e+03	2.246694e+01	2.246694e+01
5.700000e+01	5.800000e+01	2.740336e+03	2.306634e+01	2.306634e+01
5.800000e+01	5.900000e+01	2.919155e+03	2.380704e+01	2.380704e+01
5.900000e+01	6.000000e+01	3.175830e+03	2.483165e+01	2.483165e+01
6.000000e+01	6.100000e+01	3.426682e+03	2.579370e+01	2.579370e+01
6.100000e+01	6.200000e+01	3.604918e+03	2.645602e+01	2.645602e+01
6.200000e+01	6.300000e+01	3.902755e+03	2.752723e+01	2.752723e+01
6.300000e+01	6.400000e+01	4.223503e+03	2.863606e+01	2.863606e+01
6.400000e+01	6.500000e+01	4.666958e+03	3.010189e+01	3.010189e+01
6.500000e+01	6.600000e+01	5.163224e+03	3.166193e+01	3.166193e+01
6.600000e+01	6.700000e+01	5.567654e+03	3.287856e+01	3.287856e+01
6.700000e+01	6.800000e+01	5.877529e+03	3.378113e+01	3.378113e+01
6.800000e+01	6.900000e+01	6.023147e+03	3.419705e+01	3.419705e+01
6.900000e+01	7.000000e+01	6.150902e+03	3.455781e+01	3.455781e+01
7.000000e+01	7.100000e+01	6.287395e+03	3.493913e+01	3.493913e+01
7.100000e+01	7.200000e+01	6.337293e+03	3.507751e+01	3.507751e+01
7.200000e+01	7.300000e+01	6.386221e+03	3.521265e+01	3.521265e+01
7.300000e+01	7.400000e+01	6.385056e+03	3.520944e+01	3.520944e+01
7.400000e+01	7.500000e+01	6.231672e+03	3.478396e+01	3.478396e+01
7.500000e+01	7.600000e+01	5.799478e+03	3.355609e+01	3.355609e+01
7.600000e+01	7.700000e+01	5.447276e+03	3.252119e+01	3.252119e+01
7.700000e+01	7.800000e+01	5.019742e+03	3.121889e+01	3.121889e+01
7.800000e+01	7.900000e+01	4.712585e+03	3.024868e+01	3.024868e+01
7.900000e+01	8.000000e+01	4.384265e+03	2.917597e+01	2.917597e+01
8.000000e+01	8.100000e+01	4.015172e+03	2.792087e+01	2.792087e+01
8.100000e+01	8.200000e+01	3.692871e+03	2.677681e+01	2.677681e+01
8.200000e+01	8.300000e+01	3.303003e+03	2.532394e+01	2.532394e+01
8.300000e+01	8.400000e+01	2.995847e+03	2.411774e+01	2.411774e+01
8.400000e+01	8.500000e+01	2.654324e+03	2.270146e+01	2.270146e+01
8.500000e+01	8.600000e+01	2.288143e+03	2.107747e+01	2.107747e+01
8.600000e+01	8.700000e+01	1.937884e+03	1.939727e+01	1.939727e+01
8.700000e+01	8.800000e+01	1.545492e+03	1.732249e+01	1.732249e+01
8.800000e+01	8.900000e+01	1.079126e+03	1.447481e+01	1.447481e+01
8.900000e+01	9.000000e+01	5.403397e+02	1.024260e+01	1.024260e+01
9.000000e+01	9.100000e+01	2.193977e+02	6.526688e+00	6.526688e+00
9.100000e+01	9.200000e+01	1.302795e+02	5.029386e+00	5.029386e+00
9.200000e+01	9.300000e+01	9.746695e+01	4.350163e+00	4.350163e+00
9.300000e+01	9.400000e+01	6.834336e+01	3.642713e+00	3.642713e+00
9.400000e+01	9.500000e+01	5.572314e+01	3.289232e+00	3.289232e+00
9.500000e+01	9.600000e+01	3.630741e+01	2.655061e+00	2.655061e+00
9.600000e+01	9.700000e+01	3.688988e+01	2.676273e+00	2.676273e+00
9.700000e+01	9.800000e+01	2.349303e+01	2.135730e+00	2.135730e+00
9.800000e+01	9.900000e+01	2.193977e+01	2.063920e+00	2.063920e+00
9.900000e+01	1.000000e+02	1.708584e+01	1.821357e+00	1.821357e+00
1.000000e+02	1.010000e+02	1.242607e+01	1.553258e+00	1.553258e+00
1.010000e+02	1.020000e+02	1.164944e+01	1.503936e+00	1.503936e+00
1.020000e+02	1.030000e+02	1.067865e+01	1.439909e+00	1.439909e+00
1.030000e+02	1.040000e+02	7.572134e+00	1.212512e+00	1.212512e+00
1.040000e+02	1.050000e+02	4.465617e+00	9.311455e-01	9.311455e-01
1.050000e+02	1.060000e+02	4.077303e+00	8.897404e-01	8.897404e-01
1.060000e+02	1.070000e+02	2.329887e+00	6.725805e-01	6.725805e-01
1.070000e+02	1.080000e+02	2.329887e+00	6.725805e-01	6.725805e-01
1.080000e+02	1.090000e+02	2.912359e+00	7.519679e-01	7.519679e-01
1.090000e+02	1.100000e+02	7.766291e-01	3.883146e-01	3.883146e-01
1.100000e+02	1.110000e+02	1.164944e+00	4.755863e-01	4.755863e-01
1.110000e+02	1.120000e+02	3.883145e-01	2.745798e-01	2.745798e-01
1.120000e+02	1.130000e+02	3.883145e-01	2.745798e-01	2.745798e-01
1.130000e+02	1.140000e+02	3.883145e-01	2.745798e-01	2.745798e-01
1.140000e+02	1.150000e+02	1.941573e-01	1.941573e-01	1.941573e-01
1.150000e+02	1.160000e+02	0.000000e+00	0.000000e+00	0.000000e+00
1.160000e+02	1.170000e+02	0.000000e+00	0.000000e+00	0.000000e+00
1.170000e+02	1.180000e+02	0.000000e+00	0.000000e+00	0.000000e+00
1.180000e+02	1.190000e+02	0.000000e+00	0.000000e+00	0.000000e+00
1.190000e+02	1.200000e+02	0.000000e+00	0.000000e+00	0.000000e+00
1.200000e+02	1.210000e+02	0.000000e+00	0.000000e+00	0.000000e+00
1.210000e+02	1.220000e+02	0.000000e+00	0.000000e+00	0.000000e+00
1.220000e+02	1.230000e+02	0.000000e+00	0.000000e+00	0.000000e+00
1.230000e+02	1.240000e+02	0.000000e+00	0.000000e+00	0.000000e+00
1.240000e+02	1.250000e+02	0.000000e+00	0.000000e+00	0.000000e+00
1.250000e+02	1.260000e+02	0.000000e+00	0.000000e+00	0.000000e+00
1.260000e+02	1.270000e+02	0.000000e+00	0.000000e+00	0.000000e+00
1.270000e+02	1.280000e+02	0.000000e+00	0.000000e+00	0.000000e+00
1.280000e+02	1.290000e+02	0.000000e+00	0.000000e+00	0.000000e+00
1.290000e+02	1.300000e+02	0.000000e+00	0.000000e+00	0.000000e+00
1.300000e+02	1.310000e+02	0.000000e+00	0.000000e+00	0.000000e+00
1.310000e+02	1.320000e+02	0.000000e+00	0.000000e+00	0.000000e+00
1.320000e+02	1.330000e+02	0.000000e+00	0.000000e+00	0.000000e+00
1.330000e+02	1.340000e+02	0.000000e+00	0.000000e+00	0.000000e+00
1.340000e+02	1.350000e+02	0.000000e+00	0.000000e+00	0.000000e+00
1.350000e+02	1.360000e+02	0.000000e+00	0.000000e+00	0.000000e+00
1.360000e+02	1.370000e+02	0.000000e+00	0.000000e+00	0.000000e+00
1.370000e+02	1.380000e+02	0.000000e+00	0.000000e+00	0.000000e+00
1.380000e+02	1.390000e+02	0.000000e+00	0.000000e+00	0.000000e+00
1.390000e+02	1.400000e+02	0.000000e+00	0.000000e+00	0.000000e+00
1.400000e+02	1.410000e+02	0.000000e+00	0.000000e+00	0.000000e+00
1.410000e+02	1.420000e+02	0.000000e+00	0.000000e+00	0.000000e+00
1.420000e+02	1.430000e+02	0.000000e+00	0.000000e+00	0.000000e+00
1.430000e+02	1.440000e+02	0.000000e+00	0.000000e+00	0.000000e+00
1.440000e+02	1.450000e+02	0.000000e+00	0.000000e+00	0.000000e+00
1.450000e+02	1.460000e+02	0.000000e+00	0.000000e+00	0.000000e+00
1.460000e+02	1.470000e+02	0.000000e+00	0.000000e+00	0.000000e+00
1.470000e+02	1.480000e+02	0.000000e+00	0.000000e+00	0.000000e+00
1.480000e+02	1.490000e+02	0.000000e+00	0.000000e+00	0.000000e+00
1.490000e+02	1.500000e+02	0.000000e+00	0.000000e+00	0.000000e+00
1.500000e+02	1.510000e+02	0.000000e+00	0.000000e+00	0.000000e+00
1.510000e+02	1.520000e+02	0.000000e+00	0.000000e+00	0.000000e+00
1.520000e+02	1.530000e+02	0.000000e+00	0.000000e+00	0.000000e+00
1.530000e+02	1.540000e+02	0.000000e+00	0.000000e+00	0.000000e+00
1.540000e+02	1.550000e+02	0.000000e+00	0.000000e+00	0.000000e+00
1.550000e+02	1.560000e+02	0.000000e+00	0.000000e+00	0.000000e+00
1.560000e+02	1.570000e+02	0.000000e+00	0.000000e+00	0.000000e+00
1.570000e+02	1.580000e+02	0.000000e+00	0.000000e+00	0.000000e+00
1.580000e+02	1.590000e+02	0.000000e+00	0.000000e+00	0.000000e+00
1.590000e+02	1.600000e+02	0.000000e+00	0.000000e+00	0.000000e+00
1.600000e+02	1.610000e+02	0.000000e+00	0.000000e+00	0.000000e+00
1.610000e+02	1.620000e+02	0.000000e+00	0.000000e+00	0.000000e+00
1.620000e+02	1.630000e+02	0.000000e+00	0.000000e+00	0.000000e+00
1.630000e+02	1.640000e+02	0.000000e+00	0.000000e+00	0.000000e+00
1.640000e+02	1.650000e+02	0.000000e+00	0.000000e+00	0.000000e+00
1.650000e+02	1.660000e+02	0.000000e+00	0.000000e+00	0.000000e+00
1.660000e+02	1.670000e+02	0.000000e+00	0.000000e+00	0.000000e+00
1.670000e+02	1.680000e+02	0.000000e+00	0.000000e+00	0.000000e+00
1.680000e+02	1.690000e+02	0.000000e+00	0.000000e+00	0.000000e+00
1.690000e+02	1.700000e+02	0.000000e+00	0.000000e+00	0.000000e+00
1.700000e+02	1.710000e+02	0.000000e+00	0.000000e+00	0.000000e+00
1.710000e+02	1.720000e+02	0.000000e+00	0.000000e+00	0.000000e+00
1.720000e+02	1.730000e+02	0.000000e+00	0.000000e+00	0.000000e+00
1.730000e+02	1.740000e+02	0.000000e+00	0.000000e+00	0.000000e+00
1.740000e+02	1.750000e+02	0.000000e+00	0.000000e+00	0.000000e+00
# END HISTO1D

