# BEGIN PLOT
Legend=1
LogY=1
DrawOnly=//Users/zhupengxuan/Buding/mRC-variables/WW.yoda/CEPC_SMUON/hist_mRCmax[Weight_MERGING=0.000] //Users/zhupengxuan/Buding/mRC-variables/WW.yoda/CEPC_SMUON/hist_mRCmax
LegendOnly=//Users/zhupengxuan/Buding/mRC-variables/WW.yoda/CEPC_SMUON/hist_mRCmax
RatioPlot=1
RatioPlotReference=//Users/zhupengxuan/Buding/mRC-variables/WW.yoda/CEPC_SMUON/hist_mRCmax
RatioPlotYLabel=Ratio
# END PLOT

# BEGIN HISTO1D //Users/zhupengxuan/Buding/mRC-variables/WW.yoda/CEPC_SMUON/hist_mRCmax[Weight_MERGING=0.000]
LineColor=red!30
LineStyle=solid
Path=//Users/zhupengxuan/Buding/mRC-variables/WW.yoda/CEPC_SMUON/hist_mRCmax[Weight_MERGING=0.000]
ScaledBy=1.00000000000000000e+00
Title=WW
# xlow	 xhigh	 val	 errminus	 errplus
0.000000e+00	1.000000e+00	1.941573e-07	1.941573e-07	1.941573e-07
1.000000e+00	2.000000e+00	1.941573e-07	1.941573e-07	1.941573e-07
2.000000e+00	3.000000e+00	3.883145e-07	2.745798e-07	2.745798e-07
3.000000e+00	4.000000e+00	7.766291e-07	3.883146e-07	3.883146e-07
4.000000e+00	5.000000e+00	1.164944e-06	4.755863e-07	4.755863e-07
5.000000e+00	6.000000e+00	1.359101e-06	5.136918e-07	5.136918e-07
6.000000e+00	7.000000e+00	1.359101e-06	5.136918e-07	5.136918e-07
7.000000e+00	8.000000e+00	2.329887e-06	6.725805e-07	6.725805e-07
8.000000e+00	9.000000e+00	2.718202e-06	7.264700e-07	7.264700e-07
9.000000e+00	1.000000e+01	2.912359e-06	7.519679e-07	7.519679e-07
1.000000e+01	1.100000e+01	3.106516e-06	7.766291e-07	7.766291e-07
1.100000e+01	1.200000e+01	2.912359e-06	7.519679e-07	7.519679e-07
1.200000e+01	1.300000e+01	2.912359e-06	7.519679e-07	7.519679e-07
1.300000e+01	1.400000e+01	2.135730e-06	6.439468e-07	6.439468e-07
1.400000e+01	1.500000e+01	3.688988e-06	8.463119e-07	8.463119e-07
1.500000e+01	1.600000e+01	4.465617e-06	9.311455e-07	9.311455e-07
1.600000e+01	1.700000e+01	3.106516e-06	7.766291e-07	7.766291e-07
1.700000e+01	1.800000e+01	2.329887e-06	6.725805e-07	6.725805e-07
1.800000e+01	1.900000e+01	3.688988e-06	8.463119e-07	8.463119e-07
1.900000e+01	2.000000e+01	5.048089e-06	9.900117e-07	9.900117e-07
2.000000e+01	2.100000e+01	6.795504e-06	1.148650e-06	1.148650e-06
2.100000e+01	2.200000e+01	6.795504e-06	1.148650e-06	1.148650e-06
2.200000e+01	2.300000e+01	5.048089e-06	9.900117e-07	9.900117e-07
2.300000e+01	2.400000e+01	6.018875e-06	1.081022e-06	1.081022e-06
2.400000e+01	2.500000e+01	6.795504e-06	1.148650e-06	1.148650e-06
2.500000e+01	2.600000e+01	7.572134e-06	1.212512e-06	1.212512e-06
2.600000e+01	2.700000e+01	8.154605e-06	1.258283e-06	1.258283e-06
2.700000e+01	2.800000e+01	9.125392e-06	1.331075e-06	1.331075e-06
2.800000e+01	2.900000e+01	9.902021e-06	1.386560e-06	1.386560e-06
2.900000e+01	3.000000e+01	1.048449e-05	1.426759e-06	1.426759e-06
3.000000e+01	3.100000e+01	9.319549e-06	1.345161e-06	1.345161e-06
3.100000e+01	3.200000e+01	1.106696e-05	1.465855e-06	1.465855e-06
3.200000e+01	3.300000e+01	1.048449e-05	1.426759e-06	1.426759e-06
3.300000e+01	3.400000e+01	1.009618e-05	1.400088e-06	1.400088e-06
3.400000e+01	3.500000e+01	1.203775e-05	1.528796e-06	1.528796e-06
3.500000e+01	3.600000e+01	1.630921e-05	1.779481e-06	1.779481e-06
3.600000e+01	3.700000e+01	1.262022e-05	1.565346e-06	1.565346e-06
3.700000e+01	3.800000e+01	1.475595e-05	1.692624e-06	1.692624e-06
3.800000e+01	3.900000e+01	1.747415e-05	1.841938e-06	1.841938e-06
3.900000e+01	4.000000e+01	1.592090e-05	1.758169e-06	1.758169e-06
4.000000e+01	4.100000e+01	1.533842e-05	1.725708e-06	1.725708e-06
4.100000e+01	4.200000e+01	2.077483e-05	2.008378e-06	2.008378e-06
4.200000e+01	4.300000e+01	1.844494e-05	1.892411e-06	1.892411e-06
4.300000e+01	4.400000e+01	2.116314e-05	2.027061e-06	2.027061e-06
4.400000e+01	4.500000e+01	2.368719e-05	2.144537e-06	2.144537e-06
4.500000e+01	4.600000e+01	2.291056e-05	2.109088e-06	2.109088e-06
4.600000e+01	4.700000e+01	2.504629e-05	2.205203e-06	2.205203e-06
4.700000e+01	4.800000e+01	2.990022e-05	2.409428e-06	2.409428e-06
4.800000e+01	4.900000e+01	3.067685e-05	2.440519e-06	2.440519e-06
4.900000e+01	5.000000e+01	3.281258e-05	2.524045e-06	2.524045e-06
5.000000e+01	5.100000e+01	3.514247e-05	2.612119e-06	2.612119e-06
5.100000e+01	5.200000e+01	3.611325e-05	2.647952e-06	2.647952e-06
5.200000e+01	5.300000e+01	3.824898e-05	2.725127e-06	2.725127e-06
5.300000e+01	5.400000e+01	4.271460e-05	2.879818e-06	2.879818e-06
5.400000e+01	5.500000e+01	4.659774e-05	3.007872e-06	3.007872e-06
5.500000e+01	5.600000e+01	5.494651e-05	3.266230e-06	3.266230e-06
5.600000e+01	5.700000e+01	5.494651e-05	3.266230e-06	3.266230e-06
5.700000e+01	5.800000e+01	5.649977e-05	3.312075e-06	3.312075e-06
5.800000e+01	5.900000e+01	6.348943e-05	3.510973e-06	3.510973e-06
5.900000e+01	6.000000e+01	6.950830e-05	3.673628e-06	3.673628e-06
6.000000e+01	6.100000e+01	7.183819e-05	3.734690e-06	3.734690e-06
6.100000e+01	6.200000e+01	8.329347e-05	4.021446e-06	4.021446e-06
6.200000e+01	6.300000e+01	8.853572e-05	4.146064e-06	4.146064e-06
6.300000e+01	6.400000e+01	1.079514e-04	4.578161e-06	4.578161e-06
6.400000e+01	6.500000e+01	1.201834e-04	4.830577e-06	4.830577e-06
6.500000e+01	6.600000e+01	1.368809e-04	5.155232e-06	5.155232e-06
6.600000e+01	6.700000e+01	1.574615e-04	5.529222e-06	5.529222e-06
6.700000e+01	6.800000e+01	1.739649e-04	5.811760e-06	5.811760e-06
6.800000e+01	6.900000e+01	1.997878e-04	6.228183e-06	6.228183e-06
6.900000e+01	7.000000e+01	2.465797e-04	6.919194e-06	6.919194e-06
7.000000e+01	7.100000e+01	2.762858e-04	7.324131e-06	7.324131e-06
7.100000e+01	7.200000e+01	3.201653e-04	7.884315e-06	7.884315e-06
7.200000e+01	7.300000e+01	3.789950e-04	8.578148e-06	8.578148e-06
7.300000e+01	7.400000e+01	4.817042e-04	9.670903e-06	9.670903e-06
7.400000e+01	7.500000e+01	5.886848e-04	1.069100e-05	1.069100e-05
7.500000e+01	7.600000e+01	7.560484e-04	1.211579e-05	1.211579e-05
7.600000e+01	7.700000e+01	1.051362e-03	1.428739e-05	1.428739e-05
7.700000e+01	7.800000e+01	1.456374e-03	1.681563e-05	1.681563e-05
7.800000e+01	7.900000e+01	2.305812e-03	2.115869e-05	2.115869e-05
7.900000e+01	8.000000e+01	4.082739e-03	2.815481e-05	2.815481e-05
8.000000e+01	8.100000e+01	6.951413e-03	3.673781e-05	3.673781e-05
8.100000e+01	8.200000e+01	7.815995e-03	3.895551e-05	3.895551e-05
8.200000e+01	8.300000e+01	7.161879e-03	3.728982e-05	3.728982e-05
8.300000e+01	8.400000e+01	6.519801e-03	3.557902e-05	3.557902e-05
8.400000e+01	8.500000e+01	6.048581e-03	3.426917e-05	3.426917e-05
8.500000e+01	8.600000e+01	5.726086e-03	3.334308e-05	3.334308e-05
8.600000e+01	8.700000e+01	5.328452e-03	3.216455e-05	3.216455e-05
8.700000e+01	8.800000e+01	5.127499e-03	3.155220e-05	3.155220e-05
8.800000e+01	8.900000e+01	4.957029e-03	3.102327e-05	3.102327e-05
8.900000e+01	9.000000e+01	4.778987e-03	3.046104e-05	3.046104e-05
9.000000e+01	9.100000e+01	4.677054e-03	3.013443e-05	3.013443e-05
9.100000e+01	9.200000e+01	4.470859e-03	2.946269e-05	2.946269e-05
9.200000e+01	9.300000e+01	4.359607e-03	2.909381e-05	2.909381e-05
9.300000e+01	9.400000e+01	4.270877e-03	2.879621e-05	2.879621e-05
9.400000e+01	9.500000e+01	4.181953e-03	2.849485e-05	2.849485e-05
9.500000e+01	9.600000e+01	4.019055e-03	2.793437e-05	2.793437e-05
9.600000e+01	9.700000e+01	3.989544e-03	2.783162e-05	2.783162e-05
9.700000e+01	9.800000e+01	3.940422e-03	2.765975e-05	2.765975e-05
9.800000e+01	9.900000e+01	3.816744e-03	2.722221e-05	2.722221e-05
9.900000e+01	1.000000e+02	3.741799e-03	2.695362e-05	2.695362e-05
1.000000e+02	1.010000e+02	3.671126e-03	2.669786e-05	2.669786e-05
1.010000e+02	1.020000e+02	3.616373e-03	2.649802e-05	2.649802e-05
1.020000e+02	1.030000e+02	3.527449e-03	2.617021e-05	2.617021e-05
1.030000e+02	1.040000e+02	3.500073e-03	2.606846e-05	2.606846e-05
1.040000e+02	1.050000e+02	3.441632e-03	2.584991e-05	2.584991e-05
1.050000e+02	1.060000e+02	3.366105e-03	2.556470e-05	2.556470e-05
1.060000e+02	1.070000e+02	3.337563e-03	2.545608e-05	2.545608e-05
1.070000e+02	1.080000e+02	3.233107e-03	2.505456e-05	2.505456e-05
1.080000e+02	1.090000e+02	3.236990e-03	2.506961e-05	2.506961e-05
1.090000e+02	1.100000e+02	3.119525e-03	2.461053e-05	2.461053e-05
1.100000e+02	1.110000e+02	3.109429e-03	2.457068e-05	2.457068e-05
1.110000e+02	1.120000e+02	3.113506e-03	2.458678e-05	2.458678e-05
1.120000e+02	1.130000e+02	3.020116e-03	2.421523e-05	2.421523e-05
1.130000e+02	1.140000e+02	2.997594e-03	2.412477e-05	2.412477e-05
1.140000e+02	1.150000e+02	3.021281e-03	2.421990e-05	2.421990e-05
1.150000e+02	1.160000e+02	3.004001e-03	2.415054e-05	2.415054e-05
1.160000e+02	1.170000e+02	3.030407e-03	2.425645e-05	2.425645e-05
1.170000e+02	1.180000e+02	3.149619e-03	2.472896e-05	2.472896e-05
1.180000e+02	1.190000e+02	3.385520e-03	2.563832e-05	2.563832e-05
1.190000e+02	1.200000e+02	5.405533e-03	3.239634e-05	3.239634e-05
1.200000e+02	1.210000e+02	0.000000e+00	0.000000e+00	0.000000e+00
1.210000e+02	1.220000e+02	0.000000e+00	0.000000e+00	0.000000e+00
1.220000e+02	1.230000e+02	0.000000e+00	0.000000e+00	0.000000e+00
1.230000e+02	1.240000e+02	0.000000e+00	0.000000e+00	0.000000e+00
1.240000e+02	1.250000e+02	0.000000e+00	0.000000e+00	0.000000e+00
1.250000e+02	1.260000e+02	0.000000e+00	0.000000e+00	0.000000e+00
1.260000e+02	1.270000e+02	0.000000e+00	0.000000e+00	0.000000e+00
1.270000e+02	1.280000e+02	0.000000e+00	0.000000e+00	0.000000e+00
1.280000e+02	1.290000e+02	0.000000e+00	0.000000e+00	0.000000e+00
1.290000e+02	1.300000e+02	0.000000e+00	0.000000e+00	0.000000e+00
1.300000e+02	1.310000e+02	0.000000e+00	0.000000e+00	0.000000e+00
1.310000e+02	1.320000e+02	0.000000e+00	0.000000e+00	0.000000e+00
1.320000e+02	1.330000e+02	0.000000e+00	0.000000e+00	0.000000e+00
1.330000e+02	1.340000e+02	0.000000e+00	0.000000e+00	0.000000e+00
1.340000e+02	1.350000e+02	0.000000e+00	0.000000e+00	0.000000e+00
1.350000e+02	1.360000e+02	0.000000e+00	0.000000e+00	0.000000e+00
1.360000e+02	1.370000e+02	0.000000e+00	0.000000e+00	0.000000e+00
1.370000e+02	1.380000e+02	0.000000e+00	0.000000e+00	0.000000e+00
1.380000e+02	1.390000e+02	0.000000e+00	0.000000e+00	0.000000e+00
1.390000e+02	1.400000e+02	0.000000e+00	0.000000e+00	0.000000e+00
1.400000e+02	1.410000e+02	0.000000e+00	0.000000e+00	0.000000e+00
1.410000e+02	1.420000e+02	0.000000e+00	0.000000e+00	0.000000e+00
1.420000e+02	1.430000e+02	0.000000e+00	0.000000e+00	0.000000e+00
1.430000e+02	1.440000e+02	0.000000e+00	0.000000e+00	0.000000e+00
1.440000e+02	1.450000e+02	0.000000e+00	0.000000e+00	0.000000e+00
1.450000e+02	1.460000e+02	0.000000e+00	0.000000e+00	0.000000e+00
1.460000e+02	1.470000e+02	0.000000e+00	0.000000e+00	0.000000e+00
1.470000e+02	1.480000e+02	0.000000e+00	0.000000e+00	0.000000e+00
1.480000e+02	1.490000e+02	0.000000e+00	0.000000e+00	0.000000e+00
1.490000e+02	1.500000e+02	0.000000e+00	0.000000e+00	0.000000e+00
1.500000e+02	1.510000e+02	0.000000e+00	0.000000e+00	0.000000e+00
1.510000e+02	1.520000e+02	0.000000e+00	0.000000e+00	0.000000e+00
1.520000e+02	1.530000e+02	0.000000e+00	0.000000e+00	0.000000e+00
1.530000e+02	1.540000e+02	0.000000e+00	0.000000e+00	0.000000e+00
1.540000e+02	1.550000e+02	0.000000e+00	0.000000e+00	0.000000e+00
1.550000e+02	1.560000e+02	0.000000e+00	0.000000e+00	0.000000e+00
1.560000e+02	1.570000e+02	0.000000e+00	0.000000e+00	0.000000e+00
1.570000e+02	1.580000e+02	0.000000e+00	0.000000e+00	0.000000e+00
1.580000e+02	1.590000e+02	0.000000e+00	0.000000e+00	0.000000e+00
1.590000e+02	1.600000e+02	0.000000e+00	0.000000e+00	0.000000e+00
1.600000e+02	1.610000e+02	0.000000e+00	0.000000e+00	0.000000e+00
1.610000e+02	1.620000e+02	0.000000e+00	0.000000e+00	0.000000e+00
1.620000e+02	1.630000e+02	0.000000e+00	0.000000e+00	0.000000e+00
1.630000e+02	1.640000e+02	0.000000e+00	0.000000e+00	0.000000e+00
1.640000e+02	1.650000e+02	0.000000e+00	0.000000e+00	0.000000e+00
1.650000e+02	1.660000e+02	0.000000e+00	0.000000e+00	0.000000e+00
1.660000e+02	1.670000e+02	0.000000e+00	0.000000e+00	0.000000e+00
1.670000e+02	1.680000e+02	0.000000e+00	0.000000e+00	0.000000e+00
1.680000e+02	1.690000e+02	0.000000e+00	0.000000e+00	0.000000e+00
1.690000e+02	1.700000e+02	0.000000e+00	0.000000e+00	0.000000e+00
1.700000e+02	1.710000e+02	0.000000e+00	0.000000e+00	0.000000e+00
1.710000e+02	1.720000e+02	0.000000e+00	0.000000e+00	0.000000e+00
1.720000e+02	1.730000e+02	0.000000e+00	0.000000e+00	0.000000e+00
1.730000e+02	1.740000e+02	0.000000e+00	0.000000e+00	0.000000e+00
1.740000e+02	1.750000e+02	0.000000e+00	0.000000e+00	0.000000e+00
# END HISTO1D


# BEGIN HISTO1D //Users/zhupengxuan/Buding/mRC-variables/WW.yoda/CEPC_SMUON/hist_mRCmax
LineColor=red
LineStyle=solid
Path=//Users/zhupengxuan/Buding/mRC-variables/WW.yoda/CEPC_SMUON/hist_mRCmax
ScaledBy=1.00000000000000000e+00
Title=WW
# xlow	 xhigh	 val	 errminus	 errplus
0.000000e+00	1.000000e+00	1.941573e-01	1.941573e-01	1.941573e-01
1.000000e+00	2.000000e+00	1.941573e-01	1.941573e-01	1.941573e-01
2.000000e+00	3.000000e+00	3.883145e-01	2.745798e-01	2.745798e-01
3.000000e+00	4.000000e+00	7.766291e-01	3.883146e-01	3.883146e-01
4.000000e+00	5.000000e+00	1.164944e+00	4.755863e-01	4.755863e-01
5.000000e+00	6.000000e+00	1.359101e+00	5.136918e-01	5.136918e-01
6.000000e+00	7.000000e+00	1.359101e+00	5.136918e-01	5.136918e-01
7.000000e+00	8.000000e+00	2.329887e+00	6.725805e-01	6.725805e-01
8.000000e+00	9.000000e+00	2.718202e+00	7.264700e-01	7.264700e-01
9.000000e+00	1.000000e+01	2.912359e+00	7.519679e-01	7.519679e-01
1.000000e+01	1.100000e+01	3.106516e+00	7.766291e-01	7.766291e-01
1.100000e+01	1.200000e+01	2.912359e+00	7.519679e-01	7.519679e-01
1.200000e+01	1.300000e+01	2.912359e+00	7.519679e-01	7.519679e-01
1.300000e+01	1.400000e+01	2.135730e+00	6.439468e-01	6.439468e-01
1.400000e+01	1.500000e+01	3.688988e+00	8.463119e-01	8.463119e-01
1.500000e+01	1.600000e+01	4.465617e+00	9.311455e-01	9.311455e-01
1.600000e+01	1.700000e+01	3.106516e+00	7.766291e-01	7.766291e-01
1.700000e+01	1.800000e+01	2.329887e+00	6.725805e-01	6.725805e-01
1.800000e+01	1.900000e+01	3.688988e+00	8.463119e-01	8.463119e-01
1.900000e+01	2.000000e+01	5.048089e+00	9.900117e-01	9.900117e-01
2.000000e+01	2.100000e+01	6.795504e+00	1.148650e+00	1.148650e+00
2.100000e+01	2.200000e+01	6.795504e+00	1.148650e+00	1.148650e+00
2.200000e+01	2.300000e+01	5.048089e+00	9.900117e-01	9.900117e-01
2.300000e+01	2.400000e+01	6.018875e+00	1.081022e+00	1.081022e+00
2.400000e+01	2.500000e+01	6.795504e+00	1.148650e+00	1.148650e+00
2.500000e+01	2.600000e+01	7.572134e+00	1.212512e+00	1.212512e+00
2.600000e+01	2.700000e+01	8.154605e+00	1.258283e+00	1.258283e+00
2.700000e+01	2.800000e+01	9.125392e+00	1.331075e+00	1.331075e+00
2.800000e+01	2.900000e+01	9.902021e+00	1.386560e+00	1.386560e+00
2.900000e+01	3.000000e+01	1.048449e+01	1.426759e+00	1.426759e+00
3.000000e+01	3.100000e+01	9.319549e+00	1.345161e+00	1.345161e+00
3.100000e+01	3.200000e+01	1.106696e+01	1.465855e+00	1.465855e+00
3.200000e+01	3.300000e+01	1.048449e+01	1.426759e+00	1.426759e+00
3.300000e+01	3.400000e+01	1.009618e+01	1.400088e+00	1.400088e+00
3.400000e+01	3.500000e+01	1.203775e+01	1.528796e+00	1.528796e+00
3.500000e+01	3.600000e+01	1.630921e+01	1.779481e+00	1.779481e+00
3.600000e+01	3.700000e+01	1.262022e+01	1.565346e+00	1.565346e+00
3.700000e+01	3.800000e+01	1.475595e+01	1.692624e+00	1.692624e+00
3.800000e+01	3.900000e+01	1.747415e+01	1.841938e+00	1.841938e+00
3.900000e+01	4.000000e+01	1.592090e+01	1.758169e+00	1.758169e+00
4.000000e+01	4.100000e+01	1.533842e+01	1.725708e+00	1.725708e+00
4.100000e+01	4.200000e+01	2.077483e+01	2.008378e+00	2.008378e+00
4.200000e+01	4.300000e+01	1.844494e+01	1.892411e+00	1.892411e+00
4.300000e+01	4.400000e+01	2.116314e+01	2.027061e+00	2.027061e+00
4.400000e+01	4.500000e+01	2.368719e+01	2.144537e+00	2.144537e+00
4.500000e+01	4.600000e+01	2.291056e+01	2.109088e+00	2.109088e+00
4.600000e+01	4.700000e+01	2.504629e+01	2.205203e+00	2.205203e+00
4.700000e+01	4.800000e+01	2.990022e+01	2.409428e+00	2.409428e+00
4.800000e+01	4.900000e+01	3.067685e+01	2.440519e+00	2.440519e+00
4.900000e+01	5.000000e+01	3.281258e+01	2.524045e+00	2.524045e+00
5.000000e+01	5.100000e+01	3.514247e+01	2.612119e+00	2.612119e+00
5.100000e+01	5.200000e+01	3.611325e+01	2.647952e+00	2.647952e+00
5.200000e+01	5.300000e+01	3.824898e+01	2.725127e+00	2.725127e+00
5.300000e+01	5.400000e+01	4.271460e+01	2.879818e+00	2.879818e+00
5.400000e+01	5.500000e+01	4.659774e+01	3.007872e+00	3.007872e+00
5.500000e+01	5.600000e+01	5.494651e+01	3.266230e+00	3.266230e+00
5.600000e+01	5.700000e+01	5.494651e+01	3.266230e+00	3.266230e+00
5.700000e+01	5.800000e+01	5.649977e+01	3.312075e+00	3.312075e+00
5.800000e+01	5.900000e+01	6.348943e+01	3.510973e+00	3.510973e+00
5.900000e+01	6.000000e+01	6.950830e+01	3.673628e+00	3.673628e+00
6.000000e+01	6.100000e+01	7.183819e+01	3.734690e+00	3.734690e+00
6.100000e+01	6.200000e+01	8.329347e+01	4.021446e+00	4.021446e+00
6.200000e+01	6.300000e+01	8.853572e+01	4.146064e+00	4.146064e+00
6.300000e+01	6.400000e+01	1.079514e+02	4.578161e+00	4.578161e+00
6.400000e+01	6.500000e+01	1.201834e+02	4.830577e+00	4.830577e+00
6.500000e+01	6.600000e+01	1.368809e+02	5.155232e+00	5.155232e+00
6.600000e+01	6.700000e+01	1.574615e+02	5.529222e+00	5.529222e+00
6.700000e+01	6.800000e+01	1.739649e+02	5.811760e+00	5.811760e+00
6.800000e+01	6.900000e+01	1.997878e+02	6.228183e+00	6.228183e+00
6.900000e+01	7.000000e+01	2.465797e+02	6.919194e+00	6.919194e+00
7.000000e+01	7.100000e+01	2.762858e+02	7.324131e+00	7.324131e+00
7.100000e+01	7.200000e+01	3.201653e+02	7.884315e+00	7.884315e+00
7.200000e+01	7.300000e+01	3.789950e+02	8.578148e+00	8.578148e+00
7.300000e+01	7.400000e+01	4.817042e+02	9.670903e+00	9.670903e+00
7.400000e+01	7.500000e+01	5.886848e+02	1.069100e+01	1.069100e+01
7.500000e+01	7.600000e+01	7.560484e+02	1.211579e+01	1.211579e+01
7.600000e+01	7.700000e+01	1.051362e+03	1.428739e+01	1.428739e+01
7.700000e+01	7.800000e+01	1.456374e+03	1.681563e+01	1.681563e+01
7.800000e+01	7.900000e+01	2.305812e+03	2.115869e+01	2.115869e+01
7.900000e+01	8.000000e+01	4.082739e+03	2.815481e+01	2.815481e+01
8.000000e+01	8.100000e+01	6.951413e+03	3.673781e+01	3.673781e+01
8.100000e+01	8.200000e+01	7.815995e+03	3.895551e+01	3.895551e+01
8.200000e+01	8.300000e+01	7.161879e+03	3.728982e+01	3.728982e+01
8.300000e+01	8.400000e+01	6.519801e+03	3.557902e+01	3.557902e+01
8.400000e+01	8.500000e+01	6.048581e+03	3.426917e+01	3.426917e+01
8.500000e+01	8.600000e+01	5.726086e+03	3.334308e+01	3.334308e+01
8.600000e+01	8.700000e+01	5.328452e+03	3.216455e+01	3.216455e+01
8.700000e+01	8.800000e+01	5.127499e+03	3.155220e+01	3.155220e+01
8.800000e+01	8.900000e+01	4.957029e+03	3.102327e+01	3.102327e+01
8.900000e+01	9.000000e+01	4.778987e+03	3.046104e+01	3.046104e+01
9.000000e+01	9.100000e+01	4.677054e+03	3.013443e+01	3.013443e+01
9.100000e+01	9.200000e+01	4.470859e+03	2.946269e+01	2.946269e+01
9.200000e+01	9.300000e+01	4.359607e+03	2.909381e+01	2.909381e+01
9.300000e+01	9.400000e+01	4.270877e+03	2.879621e+01	2.879621e+01
9.400000e+01	9.500000e+01	4.181953e+03	2.849485e+01	2.849485e+01
9.500000e+01	9.600000e+01	4.019055e+03	2.793437e+01	2.793437e+01
9.600000e+01	9.700000e+01	3.989544e+03	2.783162e+01	2.783162e+01
9.700000e+01	9.800000e+01	3.940422e+03	2.765975e+01	2.765975e+01
9.800000e+01	9.900000e+01	3.816744e+03	2.722221e+01	2.722221e+01
9.900000e+01	1.000000e+02	3.741799e+03	2.695362e+01	2.695362e+01
1.000000e+02	1.010000e+02	3.671126e+03	2.669786e+01	2.669786e+01
1.010000e+02	1.020000e+02	3.616373e+03	2.649802e+01	2.649802e+01
1.020000e+02	1.030000e+02	3.527449e+03	2.617021e+01	2.617021e+01
1.030000e+02	1.040000e+02	3.500073e+03	2.606846e+01	2.606846e+01
1.040000e+02	1.050000e+02	3.441632e+03	2.584991e+01	2.584991e+01
1.050000e+02	1.060000e+02	3.366105e+03	2.556470e+01	2.556470e+01
1.060000e+02	1.070000e+02	3.337563e+03	2.545608e+01	2.545608e+01
1.070000e+02	1.080000e+02	3.233107e+03	2.505456e+01	2.505456e+01
1.080000e+02	1.090000e+02	3.236990e+03	2.506961e+01	2.506961e+01
1.090000e+02	1.100000e+02	3.119525e+03	2.461053e+01	2.461053e+01
1.100000e+02	1.110000e+02	3.109429e+03	2.457068e+01	2.457068e+01
1.110000e+02	1.120000e+02	3.113506e+03	2.458678e+01	2.458678e+01
1.120000e+02	1.130000e+02	3.020116e+03	2.421523e+01	2.421523e+01
1.130000e+02	1.140000e+02	2.997594e+03	2.412477e+01	2.412477e+01
1.140000e+02	1.150000e+02	3.021281e+03	2.421990e+01	2.421990e+01
1.150000e+02	1.160000e+02	3.004001e+03	2.415054e+01	2.415054e+01
1.160000e+02	1.170000e+02	3.030407e+03	2.425645e+01	2.425645e+01
1.170000e+02	1.180000e+02	3.149619e+03	2.472896e+01	2.472896e+01
1.180000e+02	1.190000e+02	3.385520e+03	2.563832e+01	2.563832e+01
1.190000e+02	1.200000e+02	5.405533e+03	3.239634e+01	3.239634e+01
1.200000e+02	1.210000e+02	0.000000e+00	0.000000e+00	0.000000e+00
1.210000e+02	1.220000e+02	0.000000e+00	0.000000e+00	0.000000e+00
1.220000e+02	1.230000e+02	0.000000e+00	0.000000e+00	0.000000e+00
1.230000e+02	1.240000e+02	0.000000e+00	0.000000e+00	0.000000e+00
1.240000e+02	1.250000e+02	0.000000e+00	0.000000e+00	0.000000e+00
1.250000e+02	1.260000e+02	0.000000e+00	0.000000e+00	0.000000e+00
1.260000e+02	1.270000e+02	0.000000e+00	0.000000e+00	0.000000e+00
1.270000e+02	1.280000e+02	0.000000e+00	0.000000e+00	0.000000e+00
1.280000e+02	1.290000e+02	0.000000e+00	0.000000e+00	0.000000e+00
1.290000e+02	1.300000e+02	0.000000e+00	0.000000e+00	0.000000e+00
1.300000e+02	1.310000e+02	0.000000e+00	0.000000e+00	0.000000e+00
1.310000e+02	1.320000e+02	0.000000e+00	0.000000e+00	0.000000e+00
1.320000e+02	1.330000e+02	0.000000e+00	0.000000e+00	0.000000e+00
1.330000e+02	1.340000e+02	0.000000e+00	0.000000e+00	0.000000e+00
1.340000e+02	1.350000e+02	0.000000e+00	0.000000e+00	0.000000e+00
1.350000e+02	1.360000e+02	0.000000e+00	0.000000e+00	0.000000e+00
1.360000e+02	1.370000e+02	0.000000e+00	0.000000e+00	0.000000e+00
1.370000e+02	1.380000e+02	0.000000e+00	0.000000e+00	0.000000e+00
1.380000e+02	1.390000e+02	0.000000e+00	0.000000e+00	0.000000e+00
1.390000e+02	1.400000e+02	0.000000e+00	0.000000e+00	0.000000e+00
1.400000e+02	1.410000e+02	0.000000e+00	0.000000e+00	0.000000e+00
1.410000e+02	1.420000e+02	0.000000e+00	0.000000e+00	0.000000e+00
1.420000e+02	1.430000e+02	0.000000e+00	0.000000e+00	0.000000e+00
1.430000e+02	1.440000e+02	0.000000e+00	0.000000e+00	0.000000e+00
1.440000e+02	1.450000e+02	0.000000e+00	0.000000e+00	0.000000e+00
1.450000e+02	1.460000e+02	0.000000e+00	0.000000e+00	0.000000e+00
1.460000e+02	1.470000e+02	0.000000e+00	0.000000e+00	0.000000e+00
1.470000e+02	1.480000e+02	0.000000e+00	0.000000e+00	0.000000e+00
1.480000e+02	1.490000e+02	0.000000e+00	0.000000e+00	0.000000e+00
1.490000e+02	1.500000e+02	0.000000e+00	0.000000e+00	0.000000e+00
1.500000e+02	1.510000e+02	0.000000e+00	0.000000e+00	0.000000e+00
1.510000e+02	1.520000e+02	0.000000e+00	0.000000e+00	0.000000e+00
1.520000e+02	1.530000e+02	0.000000e+00	0.000000e+00	0.000000e+00
1.530000e+02	1.540000e+02	0.000000e+00	0.000000e+00	0.000000e+00
1.540000e+02	1.550000e+02	0.000000e+00	0.000000e+00	0.000000e+00
1.550000e+02	1.560000e+02	0.000000e+00	0.000000e+00	0.000000e+00
1.560000e+02	1.570000e+02	0.000000e+00	0.000000e+00	0.000000e+00
1.570000e+02	1.580000e+02	0.000000e+00	0.000000e+00	0.000000e+00
1.580000e+02	1.590000e+02	0.000000e+00	0.000000e+00	0.000000e+00
1.590000e+02	1.600000e+02	0.000000e+00	0.000000e+00	0.000000e+00
1.600000e+02	1.610000e+02	0.000000e+00	0.000000e+00	0.000000e+00
1.610000e+02	1.620000e+02	0.000000e+00	0.000000e+00	0.000000e+00
1.620000e+02	1.630000e+02	0.000000e+00	0.000000e+00	0.000000e+00
1.630000e+02	1.640000e+02	0.000000e+00	0.000000e+00	0.000000e+00
1.640000e+02	1.650000e+02	0.000000e+00	0.000000e+00	0.000000e+00
1.650000e+02	1.660000e+02	0.000000e+00	0.000000e+00	0.000000e+00
1.660000e+02	1.670000e+02	0.000000e+00	0.000000e+00	0.000000e+00
1.670000e+02	1.680000e+02	0.000000e+00	0.000000e+00	0.000000e+00
1.680000e+02	1.690000e+02	0.000000e+00	0.000000e+00	0.000000e+00
1.690000e+02	1.700000e+02	0.000000e+00	0.000000e+00	0.000000e+00
1.700000e+02	1.710000e+02	0.000000e+00	0.000000e+00	0.000000e+00
1.710000e+02	1.720000e+02	0.000000e+00	0.000000e+00	0.000000e+00
1.720000e+02	1.730000e+02	0.000000e+00	0.000000e+00	0.000000e+00
1.730000e+02	1.740000e+02	0.000000e+00	0.000000e+00	0.000000e+00
1.740000e+02	1.750000e+02	0.000000e+00	0.000000e+00	0.000000e+00
# END HISTO1D

