# BEGIN PLOT
Legend=1
LogY=1
DrawOnly=//Users/zhupengxuan/Buding/mRC-variables/WW.yoda/CEPC_SMUON/hist_mLSPmax[Weight_MERGING=0.000] //Users/zhupengxuan/Buding/mRC-variables/WW.yoda/CEPC_SMUON/hist_mLSPmax
LegendOnly=//Users/zhupengxuan/Buding/mRC-variables/WW.yoda/CEPC_SMUON/hist_mLSPmax
RatioPlot=1
RatioPlotReference=//Users/zhupengxuan/Buding/mRC-variables/WW.yoda/CEPC_SMUON/hist_mLSPmax
RatioPlotYLabel=Ratio
# END PLOT

# BEGIN HISTO1D //Users/zhupengxuan/Buding/mRC-variables/WW.yoda/CEPC_SMUON/hist_mLSPmax[Weight_MERGING=0.000]
LineColor=red!30
LineStyle=solid
Path=//Users/zhupengxuan/Buding/mRC-variables/WW.yoda/CEPC_SMUON/hist_mLSPmax[Weight_MERGING=0.000]
ScaledBy=1.00000000000000000e+00
Title=WW
# xlow	 xhigh	 val	 errminus	 errplus
0.000000e+00	1.000000e+00	1.184359e-04	4.795331e-06	4.795331e-06
1.000000e+00	2.000000e+00	4.830633e-04	9.684537e-06	9.684537e-06
2.000000e+00	3.000000e+00	7.791531e-04	1.229952e-05	1.229952e-05
3.000000e+00	4.000000e+00	1.108638e-03	1.467140e-05	1.467140e-05
4.000000e+00	5.000000e+00	1.398127e-03	1.647593e-05	1.647593e-05
5.000000e+00	6.000000e+00	1.741591e-03	1.838865e-05	1.838865e-05
6.000000e+00	7.000000e+00	2.052825e-03	1.996424e-05	1.996424e-05
7.000000e+00	8.000000e+00	2.406968e-03	2.161782e-05	2.161782e-05
8.000000e+00	9.000000e+00	2.807708e-03	2.334817e-05	2.334817e-05
9.000000e+00	1.000000e+01	3.166899e-03	2.479670e-05	2.479670e-05
1.000000e+01	1.100000e+01	3.592492e-03	2.641038e-05	2.641038e-05
1.100000e+01	1.200000e+01	3.939063e-03	2.765498e-05	2.765498e-05
1.200000e+01	1.300000e+01	4.366985e-03	2.911841e-05	2.911841e-05
1.300000e+01	1.400000e+01	4.774327e-03	3.044619e-05	3.044619e-05
1.400000e+01	1.500000e+01	5.260885e-03	3.195996e-05	3.195996e-05
1.500000e+01	1.600000e+01	5.559111e-03	3.285334e-05	3.285334e-05
1.600000e+01	1.700000e+01	5.604155e-03	3.298618e-05	3.298618e-05
1.700000e+01	1.800000e+01	5.536589e-03	3.278672e-05	3.278672e-05
1.800000e+01	1.900000e+01	5.444752e-03	3.251366e-05	3.251366e-05
1.900000e+01	2.000000e+01	5.399125e-03	3.237714e-05	3.237714e-05
2.000000e+01	2.100000e+01	5.242440e-03	3.190389e-05	3.190389e-05
2.100000e+01	2.200000e+01	5.072359e-03	3.138209e-05	3.138209e-05
2.200000e+01	2.300000e+01	4.917809e-03	3.090030e-05	3.090030e-05
2.300000e+01	2.400000e+01	4.724235e-03	3.028604e-05	3.028604e-05
2.400000e+01	2.500000e+01	4.580170e-03	2.982069e-05	2.982069e-05
2.500000e+01	2.600000e+01	4.394361e-03	2.920954e-05	2.920954e-05
2.600000e+01	2.700000e+01	4.226610e-03	2.864659e-05	2.864659e-05
2.700000e+01	2.800000e+01	4.039830e-03	2.800647e-05	2.800647e-05
2.800000e+01	2.900000e+01	3.857128e-03	2.736585e-05	2.736585e-05
2.900000e+01	3.000000e+01	3.659865e-03	2.665688e-05	2.665688e-05
3.000000e+01	3.100000e+01	3.504150e-03	2.608364e-05	2.608364e-05
3.100000e+01	3.200000e+01	3.332321e-03	2.543608e-05	2.543608e-05
3.200000e+01	3.300000e+01	3.177190e-03	2.483696e-05	2.483696e-05
3.300000e+01	3.400000e+01	3.051764e-03	2.434178e-05	2.434178e-05
3.400000e+01	3.500000e+01	2.919349e-03	2.380783e-05	2.380783e-05
3.500000e+01	3.600000e+01	2.776643e-03	2.321864e-05	2.321864e-05
3.600000e+01	3.700000e+01	2.681312e-03	2.281658e-05	2.281658e-05
3.700000e+01	3.800000e+01	2.512978e-03	2.208875e-05	2.208875e-05
3.800000e+01	3.900000e+01	2.409492e-03	2.162915e-05	2.162915e-05
3.900000e+01	4.000000e+01	2.253972e-03	2.091949e-05	2.091949e-05
4.000000e+01	4.100000e+01	2.146214e-03	2.041331e-05	2.041331e-05
4.100000e+01	4.200000e+01	2.060979e-03	2.000385e-05	2.000385e-05
4.200000e+01	4.300000e+01	1.948562e-03	1.945064e-05	1.945064e-05
4.300000e+01	4.400000e+01	1.835369e-03	1.887724e-05	1.887724e-05
4.400000e+01	4.500000e+01	1.734601e-03	1.835171e-05	1.835171e-05
4.500000e+01	4.600000e+01	1.702177e-03	1.817938e-05	1.817938e-05
4.600000e+01	4.700000e+01	1.607428e-03	1.766618e-05	1.766618e-05
4.700000e+01	4.800000e+01	1.533066e-03	1.725271e-05	1.725271e-05
4.800000e+01	4.900000e+01	1.464917e-03	1.686488e-05	1.686488e-05
4.900000e+01	5.000000e+01	1.368420e-03	1.629996e-05	1.629996e-05
5.000000e+01	5.100000e+01	1.313280e-03	1.596818e-05	1.596818e-05
5.100000e+01	5.200000e+01	1.266682e-03	1.568233e-05	1.568233e-05
5.200000e+01	5.300000e+01	1.217172e-03	1.537279e-05	1.537279e-05
5.300000e+01	5.400000e+01	1.123006e-03	1.476617e-05	1.476617e-05
5.400000e+01	5.500000e+01	1.103202e-03	1.463539e-05	1.463539e-05
5.500000e+01	5.600000e+01	1.081844e-03	1.449303e-05	1.449303e-05
5.600000e+01	5.700000e+01	1.006511e-03	1.397932e-05	1.397932e-05
5.700000e+01	5.800000e+01	9.247711e-04	1.339966e-05	1.339966e-05
5.800000e+01	5.900000e+01	8.970066e-04	1.319698e-05	1.319698e-05
5.900000e+01	6.000000e+01	8.740960e-04	1.302736e-05	1.302736e-05
6.000000e+01	6.100000e+01	8.253626e-04	1.265899e-05	1.265899e-05
6.100000e+01	6.200000e+01	8.111891e-04	1.254983e-05	1.254983e-05
6.200000e+01	6.300000e+01	7.447873e-04	1.202522e-05	1.202522e-05
6.300000e+01	6.400000e+01	7.364385e-04	1.195763e-05	1.195763e-05
6.400000e+01	6.500000e+01	7.088682e-04	1.173166e-05	1.173166e-05
6.500000e+01	6.600000e+01	6.836277e-04	1.152091e-05	1.152091e-05
6.600000e+01	6.700000e+01	6.393599e-04	1.114165e-05	1.114165e-05
6.700000e+01	6.800000e+01	6.488736e-04	1.122424e-05	1.122424e-05
6.800000e+01	6.900000e+01	6.112071e-04	1.089359e-05	1.089359e-05
6.900000e+01	7.000000e+01	5.725698e-04	1.054365e-05	1.054365e-05
7.000000e+01	7.100000e+01	5.554839e-04	1.038514e-05	1.038514e-05
7.100000e+01	7.200000e+01	5.279136e-04	1.012414e-05	1.012414e-05
7.200000e+01	7.300000e+01	5.127694e-04	9.977871e-06	9.977871e-06
7.300000e+01	7.400000e+01	4.954894e-04	9.808306e-06	9.808306e-06
7.400000e+01	7.500000e+01	4.640359e-04	9.491888e-06	9.491888e-06
7.500000e+01	7.600000e+01	4.663658e-04	9.515687e-06	9.515687e-06
7.600000e+01	7.700000e+01	4.467559e-04	9.313479e-06	9.313479e-06
7.700000e+01	7.800000e+01	4.184089e-04	9.013164e-06	9.013164e-06
7.800000e+01	7.900000e+01	4.100602e-04	8.922789e-06	8.922789e-06
7.900000e+01	8.000000e+01	3.772476e-04	8.558350e-06	8.558350e-06
8.000000e+01	8.100000e+01	3.630741e-04	8.396040e-06	8.396040e-06
8.100000e+01	8.200000e+01	3.454058e-04	8.189203e-06	8.189203e-06
8.200000e+01	8.300000e+01	3.191946e-04	7.872353e-06	7.872353e-06
8.300000e+01	8.400000e+01	3.228835e-04	7.917714e-06	7.917714e-06
8.400000e+01	8.500000e+01	2.968665e-04	7.592021e-06	7.592021e-06
8.500000e+01	8.600000e+01	2.729851e-04	7.280251e-06	7.280251e-06
8.600000e+01	8.700000e+01	2.601707e-04	7.107323e-06	7.107323e-06
8.700000e+01	8.800000e+01	2.525986e-04	7.003132e-06	7.003132e-06
8.800000e+01	8.900000e+01	2.368719e-04	6.781622e-06	6.781622e-06
8.900000e+01	9.000000e+01	2.201743e-04	6.538230e-06	6.538230e-06
9.000000e+01	9.100000e+01	2.093015e-04	6.374749e-06	6.374749e-06
9.100000e+01	9.200000e+01	2.007586e-04	6.243296e-06	6.243296e-06
9.200000e+01	9.300000e+01	1.811487e-04	5.930543e-06	5.930543e-06
9.300000e+01	9.400000e+01	1.683344e-04	5.716934e-06	5.716934e-06
9.400000e+01	9.500000e+01	1.539667e-04	5.467519e-06	5.467519e-06
9.500000e+01	9.600000e+01	1.434822e-04	5.278079e-06	5.278079e-06
9.600000e+01	9.700000e+01	1.333860e-04	5.088995e-06	5.088995e-06
9.700000e+01	9.800000e+01	1.054274e-04	4.524323e-06	4.524323e-06
9.800000e+01	9.900000e+01	8.737077e-05	4.118698e-06	4.118698e-06
9.900000e+01	1.000000e+02	7.319729e-05	3.769853e-06	3.769853e-06
1.000000e+02	1.010000e+02	6.077123e-05	3.434993e-06	3.434993e-06
1.010000e+02	1.020000e+02	5.048089e-05	3.130692e-06	3.130692e-06
1.020000e+02	1.030000e+02	3.184179e-05	2.486426e-06	2.486426e-06
1.030000e+02	1.040000e+02	1.300854e-05	1.589246e-06	1.589246e-06
1.040000e+02	1.050000e+02	3.494831e-06	8.237395e-07	8.237395e-07
1.050000e+02	1.060000e+02	5.824718e-07	3.362902e-07	3.362902e-07
1.060000e+02	1.070000e+02	0.000000e+00	0.000000e+00	0.000000e+00
1.070000e+02	1.080000e+02	0.000000e+00	0.000000e+00	0.000000e+00
1.080000e+02	1.090000e+02	0.000000e+00	0.000000e+00	0.000000e+00
1.090000e+02	1.100000e+02	0.000000e+00	0.000000e+00	0.000000e+00
1.100000e+02	1.110000e+02	0.000000e+00	0.000000e+00	0.000000e+00
1.110000e+02	1.120000e+02	0.000000e+00	0.000000e+00	0.000000e+00
1.120000e+02	1.130000e+02	0.000000e+00	0.000000e+00	0.000000e+00
1.130000e+02	1.140000e+02	0.000000e+00	0.000000e+00	0.000000e+00
1.140000e+02	1.150000e+02	0.000000e+00	0.000000e+00	0.000000e+00
1.150000e+02	1.160000e+02	0.000000e+00	0.000000e+00	0.000000e+00
1.160000e+02	1.170000e+02	0.000000e+00	0.000000e+00	0.000000e+00
1.170000e+02	1.180000e+02	0.000000e+00	0.000000e+00	0.000000e+00
1.180000e+02	1.190000e+02	0.000000e+00	0.000000e+00	0.000000e+00
1.190000e+02	1.200000e+02	0.000000e+00	0.000000e+00	0.000000e+00
1.200000e+02	1.210000e+02	0.000000e+00	0.000000e+00	0.000000e+00
1.210000e+02	1.220000e+02	0.000000e+00	0.000000e+00	0.000000e+00
1.220000e+02	1.230000e+02	0.000000e+00	0.000000e+00	0.000000e+00
1.230000e+02	1.240000e+02	0.000000e+00	0.000000e+00	0.000000e+00
1.240000e+02	1.250000e+02	0.000000e+00	0.000000e+00	0.000000e+00
1.250000e+02	1.260000e+02	0.000000e+00	0.000000e+00	0.000000e+00
1.260000e+02	1.270000e+02	0.000000e+00	0.000000e+00	0.000000e+00
1.270000e+02	1.280000e+02	0.000000e+00	0.000000e+00	0.000000e+00
1.280000e+02	1.290000e+02	0.000000e+00	0.000000e+00	0.000000e+00
1.290000e+02	1.300000e+02	0.000000e+00	0.000000e+00	0.000000e+00
1.300000e+02	1.310000e+02	0.000000e+00	0.000000e+00	0.000000e+00
1.310000e+02	1.320000e+02	0.000000e+00	0.000000e+00	0.000000e+00
1.320000e+02	1.330000e+02	0.000000e+00	0.000000e+00	0.000000e+00
1.330000e+02	1.340000e+02	0.000000e+00	0.000000e+00	0.000000e+00
1.340000e+02	1.350000e+02	0.000000e+00	0.000000e+00	0.000000e+00
1.350000e+02	1.360000e+02	0.000000e+00	0.000000e+00	0.000000e+00
1.360000e+02	1.370000e+02	0.000000e+00	0.000000e+00	0.000000e+00
1.370000e+02	1.380000e+02	0.000000e+00	0.000000e+00	0.000000e+00
1.380000e+02	1.390000e+02	0.000000e+00	0.000000e+00	0.000000e+00
1.390000e+02	1.400000e+02	0.000000e+00	0.000000e+00	0.000000e+00
1.400000e+02	1.410000e+02	0.000000e+00	0.000000e+00	0.000000e+00
1.410000e+02	1.420000e+02	0.000000e+00	0.000000e+00	0.000000e+00
1.420000e+02	1.430000e+02	0.000000e+00	0.000000e+00	0.000000e+00
1.430000e+02	1.440000e+02	0.000000e+00	0.000000e+00	0.000000e+00
1.440000e+02	1.450000e+02	0.000000e+00	0.000000e+00	0.000000e+00
1.450000e+02	1.460000e+02	0.000000e+00	0.000000e+00	0.000000e+00
1.460000e+02	1.470000e+02	0.000000e+00	0.000000e+00	0.000000e+00
1.470000e+02	1.480000e+02	0.000000e+00	0.000000e+00	0.000000e+00
1.480000e+02	1.490000e+02	0.000000e+00	0.000000e+00	0.000000e+00
1.490000e+02	1.500000e+02	0.000000e+00	0.000000e+00	0.000000e+00
1.500000e+02	1.510000e+02	0.000000e+00	0.000000e+00	0.000000e+00
1.510000e+02	1.520000e+02	0.000000e+00	0.000000e+00	0.000000e+00
1.520000e+02	1.530000e+02	0.000000e+00	0.000000e+00	0.000000e+00
1.530000e+02	1.540000e+02	0.000000e+00	0.000000e+00	0.000000e+00
1.540000e+02	1.550000e+02	0.000000e+00	0.000000e+00	0.000000e+00
1.550000e+02	1.560000e+02	0.000000e+00	0.000000e+00	0.000000e+00
1.560000e+02	1.570000e+02	0.000000e+00	0.000000e+00	0.000000e+00
1.570000e+02	1.580000e+02	0.000000e+00	0.000000e+00	0.000000e+00
1.580000e+02	1.590000e+02	0.000000e+00	0.000000e+00	0.000000e+00
1.590000e+02	1.600000e+02	0.000000e+00	0.000000e+00	0.000000e+00
1.600000e+02	1.610000e+02	0.000000e+00	0.000000e+00	0.000000e+00
1.610000e+02	1.620000e+02	0.000000e+00	0.000000e+00	0.000000e+00
1.620000e+02	1.630000e+02	0.000000e+00	0.000000e+00	0.000000e+00
1.630000e+02	1.640000e+02	0.000000e+00	0.000000e+00	0.000000e+00
1.640000e+02	1.650000e+02	0.000000e+00	0.000000e+00	0.000000e+00
1.650000e+02	1.660000e+02	0.000000e+00	0.000000e+00	0.000000e+00
1.660000e+02	1.670000e+02	0.000000e+00	0.000000e+00	0.000000e+00
1.670000e+02	1.680000e+02	0.000000e+00	0.000000e+00	0.000000e+00
1.680000e+02	1.690000e+02	0.000000e+00	0.000000e+00	0.000000e+00
1.690000e+02	1.700000e+02	0.000000e+00	0.000000e+00	0.000000e+00
1.700000e+02	1.710000e+02	0.000000e+00	0.000000e+00	0.000000e+00
1.710000e+02	1.720000e+02	0.000000e+00	0.000000e+00	0.000000e+00
1.720000e+02	1.730000e+02	0.000000e+00	0.000000e+00	0.000000e+00
1.730000e+02	1.740000e+02	0.000000e+00	0.000000e+00	0.000000e+00
1.740000e+02	1.750000e+02	0.000000e+00	0.000000e+00	0.000000e+00
# END HISTO1D


# BEGIN HISTO1D //Users/zhupengxuan/Buding/mRC-variables/WW.yoda/CEPC_SMUON/hist_mLSPmax
LineColor=red
LineStyle=solid
Path=//Users/zhupengxuan/Buding/mRC-variables/WW.yoda/CEPC_SMUON/hist_mLSPmax
ScaledBy=1.00000000000000000e+00
Title=WW
# xlow	 xhigh	 val	 errminus	 errplus
0.000000e+00	1.000000e+00	1.184359e+02	4.795331e+00	4.795331e+00
1.000000e+00	2.000000e+00	4.830633e+02	9.684537e+00	9.684537e+00
2.000000e+00	3.000000e+00	7.791531e+02	1.229952e+01	1.229952e+01
3.000000e+00	4.000000e+00	1.108638e+03	1.467140e+01	1.467140e+01
4.000000e+00	5.000000e+00	1.398127e+03	1.647593e+01	1.647593e+01
5.000000e+00	6.000000e+00	1.741591e+03	1.838865e+01	1.838865e+01
6.000000e+00	7.000000e+00	2.052825e+03	1.996424e+01	1.996424e+01
7.000000e+00	8.000000e+00	2.406968e+03	2.161782e+01	2.161782e+01
8.000000e+00	9.000000e+00	2.807708e+03	2.334817e+01	2.334817e+01
9.000000e+00	1.000000e+01	3.166899e+03	2.479670e+01	2.479670e+01
1.000000e+01	1.100000e+01	3.592492e+03	2.641038e+01	2.641038e+01
1.100000e+01	1.200000e+01	3.939063e+03	2.765498e+01	2.765498e+01
1.200000e+01	1.300000e+01	4.366985e+03	2.911841e+01	2.911841e+01
1.300000e+01	1.400000e+01	4.774327e+03	3.044619e+01	3.044619e+01
1.400000e+01	1.500000e+01	5.260885e+03	3.195996e+01	3.195996e+01
1.500000e+01	1.600000e+01	5.559111e+03	3.285334e+01	3.285334e+01
1.600000e+01	1.700000e+01	5.604155e+03	3.298618e+01	3.298618e+01
1.700000e+01	1.800000e+01	5.536589e+03	3.278672e+01	3.278672e+01
1.800000e+01	1.900000e+01	5.444752e+03	3.251366e+01	3.251366e+01
1.900000e+01	2.000000e+01	5.399125e+03	3.237714e+01	3.237714e+01
2.000000e+01	2.100000e+01	5.242440e+03	3.190389e+01	3.190389e+01
2.100000e+01	2.200000e+01	5.072359e+03	3.138209e+01	3.138209e+01
2.200000e+01	2.300000e+01	4.917809e+03	3.090030e+01	3.090030e+01
2.300000e+01	2.400000e+01	4.724235e+03	3.028604e+01	3.028604e+01
2.400000e+01	2.500000e+01	4.580170e+03	2.982069e+01	2.982069e+01
2.500000e+01	2.600000e+01	4.394361e+03	2.920954e+01	2.920954e+01
2.600000e+01	2.700000e+01	4.226610e+03	2.864659e+01	2.864659e+01
2.700000e+01	2.800000e+01	4.039830e+03	2.800647e+01	2.800647e+01
2.800000e+01	2.900000e+01	3.857128e+03	2.736585e+01	2.736585e+01
2.900000e+01	3.000000e+01	3.659865e+03	2.665688e+01	2.665688e+01
3.000000e+01	3.100000e+01	3.504150e+03	2.608364e+01	2.608364e+01
3.100000e+01	3.200000e+01	3.332321e+03	2.543608e+01	2.543608e+01
3.200000e+01	3.300000e+01	3.177190e+03	2.483696e+01	2.483696e+01
3.300000e+01	3.400000e+01	3.051764e+03	2.434178e+01	2.434178e+01
3.400000e+01	3.500000e+01	2.919349e+03	2.380783e+01	2.380783e+01
3.500000e+01	3.600000e+01	2.776643e+03	2.321864e+01	2.321864e+01
3.600000e+01	3.700000e+01	2.681312e+03	2.281658e+01	2.281658e+01
3.700000e+01	3.800000e+01	2.512978e+03	2.208875e+01	2.208875e+01
3.800000e+01	3.900000e+01	2.409492e+03	2.162915e+01	2.162915e+01
3.900000e+01	4.000000e+01	2.253972e+03	2.091949e+01	2.091949e+01
4.000000e+01	4.100000e+01	2.146214e+03	2.041331e+01	2.041331e+01
4.100000e+01	4.200000e+01	2.060979e+03	2.000385e+01	2.000385e+01
4.200000e+01	4.300000e+01	1.948562e+03	1.945064e+01	1.945064e+01
4.300000e+01	4.400000e+01	1.835369e+03	1.887724e+01	1.887724e+01
4.400000e+01	4.500000e+01	1.734601e+03	1.835171e+01	1.835171e+01
4.500000e+01	4.600000e+01	1.702177e+03	1.817938e+01	1.817938e+01
4.600000e+01	4.700000e+01	1.607428e+03	1.766618e+01	1.766618e+01
4.700000e+01	4.800000e+01	1.533066e+03	1.725271e+01	1.725271e+01
4.800000e+01	4.900000e+01	1.464917e+03	1.686488e+01	1.686488e+01
4.900000e+01	5.000000e+01	1.368420e+03	1.629996e+01	1.629996e+01
5.000000e+01	5.100000e+01	1.313280e+03	1.596818e+01	1.596818e+01
5.100000e+01	5.200000e+01	1.266682e+03	1.568233e+01	1.568233e+01
5.200000e+01	5.300000e+01	1.217172e+03	1.537279e+01	1.537279e+01
5.300000e+01	5.400000e+01	1.123006e+03	1.476617e+01	1.476617e+01
5.400000e+01	5.500000e+01	1.103202e+03	1.463539e+01	1.463539e+01
5.500000e+01	5.600000e+01	1.081844e+03	1.449303e+01	1.449303e+01
5.600000e+01	5.700000e+01	1.006511e+03	1.397932e+01	1.397932e+01
5.700000e+01	5.800000e+01	9.247711e+02	1.339966e+01	1.339966e+01
5.800000e+01	5.900000e+01	8.970066e+02	1.319698e+01	1.319698e+01
5.900000e+01	6.000000e+01	8.740960e+02	1.302736e+01	1.302736e+01
6.000000e+01	6.100000e+01	8.253626e+02	1.265899e+01	1.265899e+01
6.100000e+01	6.200000e+01	8.111891e+02	1.254983e+01	1.254983e+01
6.200000e+01	6.300000e+01	7.447873e+02	1.202522e+01	1.202522e+01
6.300000e+01	6.400000e+01	7.364385e+02	1.195763e+01	1.195763e+01
6.400000e+01	6.500000e+01	7.088682e+02	1.173166e+01	1.173166e+01
6.500000e+01	6.600000e+01	6.836277e+02	1.152091e+01	1.152091e+01
6.600000e+01	6.700000e+01	6.393599e+02	1.114165e+01	1.114165e+01
6.700000e+01	6.800000e+01	6.488736e+02	1.122424e+01	1.122424e+01
6.800000e+01	6.900000e+01	6.112071e+02	1.089359e+01	1.089359e+01
6.900000e+01	7.000000e+01	5.725698e+02	1.054365e+01	1.054365e+01
7.000000e+01	7.100000e+01	5.554839e+02	1.038514e+01	1.038514e+01
7.100000e+01	7.200000e+01	5.279136e+02	1.012414e+01	1.012414e+01
7.200000e+01	7.300000e+01	5.127694e+02	9.977871e+00	9.977871e+00
7.300000e+01	7.400000e+01	4.954894e+02	9.808306e+00	9.808306e+00
7.400000e+01	7.500000e+01	4.640359e+02	9.491888e+00	9.491888e+00
7.500000e+01	7.600000e+01	4.663658e+02	9.515687e+00	9.515687e+00
7.600000e+01	7.700000e+01	4.467559e+02	9.313479e+00	9.313479e+00
7.700000e+01	7.800000e+01	4.184089e+02	9.013164e+00	9.013164e+00
7.800000e+01	7.900000e+01	4.100602e+02	8.922789e+00	8.922789e+00
7.900000e+01	8.000000e+01	3.772476e+02	8.558350e+00	8.558350e+00
8.000000e+01	8.100000e+01	3.630741e+02	8.396040e+00	8.396040e+00
8.100000e+01	8.200000e+01	3.454058e+02	8.189203e+00	8.189203e+00
8.200000e+01	8.300000e+01	3.191946e+02	7.872353e+00	7.872353e+00
8.300000e+01	8.400000e+01	3.228835e+02	7.917714e+00	7.917714e+00
8.400000e+01	8.500000e+01	2.968665e+02	7.592021e+00	7.592021e+00
8.500000e+01	8.600000e+01	2.729851e+02	7.280251e+00	7.280251e+00
8.600000e+01	8.700000e+01	2.601707e+02	7.107323e+00	7.107323e+00
8.700000e+01	8.800000e+01	2.525986e+02	7.003132e+00	7.003132e+00
8.800000e+01	8.900000e+01	2.368719e+02	6.781622e+00	6.781622e+00
8.900000e+01	9.000000e+01	2.201743e+02	6.538230e+00	6.538230e+00
9.000000e+01	9.100000e+01	2.093015e+02	6.374749e+00	6.374749e+00
9.100000e+01	9.200000e+01	2.007586e+02	6.243296e+00	6.243296e+00
9.200000e+01	9.300000e+01	1.811487e+02	5.930543e+00	5.930543e+00
9.300000e+01	9.400000e+01	1.683344e+02	5.716934e+00	5.716934e+00
9.400000e+01	9.500000e+01	1.539667e+02	5.467519e+00	5.467519e+00
9.500000e+01	9.600000e+01	1.434822e+02	5.278079e+00	5.278079e+00
9.600000e+01	9.700000e+01	1.333860e+02	5.088995e+00	5.088995e+00
9.700000e+01	9.800000e+01	1.054274e+02	4.524323e+00	4.524323e+00
9.800000e+01	9.900000e+01	8.737077e+01	4.118698e+00	4.118698e+00
9.900000e+01	1.000000e+02	7.319729e+01	3.769853e+00	3.769853e+00
1.000000e+02	1.010000e+02	6.077123e+01	3.434993e+00	3.434993e+00
1.010000e+02	1.020000e+02	5.048089e+01	3.130692e+00	3.130692e+00
1.020000e+02	1.030000e+02	3.184179e+01	2.486426e+00	2.486426e+00
1.030000e+02	1.040000e+02	1.300854e+01	1.589246e+00	1.589246e+00
1.040000e+02	1.050000e+02	3.494831e+00	8.237395e-01	8.237395e-01
1.050000e+02	1.060000e+02	5.824718e-01	3.362902e-01	3.362902e-01
1.060000e+02	1.070000e+02	0.000000e+00	0.000000e+00	0.000000e+00
1.070000e+02	1.080000e+02	0.000000e+00	0.000000e+00	0.000000e+00
1.080000e+02	1.090000e+02	0.000000e+00	0.000000e+00	0.000000e+00
1.090000e+02	1.100000e+02	0.000000e+00	0.000000e+00	0.000000e+00
1.100000e+02	1.110000e+02	0.000000e+00	0.000000e+00	0.000000e+00
1.110000e+02	1.120000e+02	0.000000e+00	0.000000e+00	0.000000e+00
1.120000e+02	1.130000e+02	0.000000e+00	0.000000e+00	0.000000e+00
1.130000e+02	1.140000e+02	0.000000e+00	0.000000e+00	0.000000e+00
1.140000e+02	1.150000e+02	0.000000e+00	0.000000e+00	0.000000e+00
1.150000e+02	1.160000e+02	0.000000e+00	0.000000e+00	0.000000e+00
1.160000e+02	1.170000e+02	0.000000e+00	0.000000e+00	0.000000e+00
1.170000e+02	1.180000e+02	0.000000e+00	0.000000e+00	0.000000e+00
1.180000e+02	1.190000e+02	0.000000e+00	0.000000e+00	0.000000e+00
1.190000e+02	1.200000e+02	0.000000e+00	0.000000e+00	0.000000e+00
1.200000e+02	1.210000e+02	0.000000e+00	0.000000e+00	0.000000e+00
1.210000e+02	1.220000e+02	0.000000e+00	0.000000e+00	0.000000e+00
1.220000e+02	1.230000e+02	0.000000e+00	0.000000e+00	0.000000e+00
1.230000e+02	1.240000e+02	0.000000e+00	0.000000e+00	0.000000e+00
1.240000e+02	1.250000e+02	0.000000e+00	0.000000e+00	0.000000e+00
1.250000e+02	1.260000e+02	0.000000e+00	0.000000e+00	0.000000e+00
1.260000e+02	1.270000e+02	0.000000e+00	0.000000e+00	0.000000e+00
1.270000e+02	1.280000e+02	0.000000e+00	0.000000e+00	0.000000e+00
1.280000e+02	1.290000e+02	0.000000e+00	0.000000e+00	0.000000e+00
1.290000e+02	1.300000e+02	0.000000e+00	0.000000e+00	0.000000e+00
1.300000e+02	1.310000e+02	0.000000e+00	0.000000e+00	0.000000e+00
1.310000e+02	1.320000e+02	0.000000e+00	0.000000e+00	0.000000e+00
1.320000e+02	1.330000e+02	0.000000e+00	0.000000e+00	0.000000e+00
1.330000e+02	1.340000e+02	0.000000e+00	0.000000e+00	0.000000e+00
1.340000e+02	1.350000e+02	0.000000e+00	0.000000e+00	0.000000e+00
1.350000e+02	1.360000e+02	0.000000e+00	0.000000e+00	0.000000e+00
1.360000e+02	1.370000e+02	0.000000e+00	0.000000e+00	0.000000e+00
1.370000e+02	1.380000e+02	0.000000e+00	0.000000e+00	0.000000e+00
1.380000e+02	1.390000e+02	0.000000e+00	0.000000e+00	0.000000e+00
1.390000e+02	1.400000e+02	0.000000e+00	0.000000e+00	0.000000e+00
1.400000e+02	1.410000e+02	0.000000e+00	0.000000e+00	0.000000e+00
1.410000e+02	1.420000e+02	0.000000e+00	0.000000e+00	0.000000e+00
1.420000e+02	1.430000e+02	0.000000e+00	0.000000e+00	0.000000e+00
1.430000e+02	1.440000e+02	0.000000e+00	0.000000e+00	0.000000e+00
1.440000e+02	1.450000e+02	0.000000e+00	0.000000e+00	0.000000e+00
1.450000e+02	1.460000e+02	0.000000e+00	0.000000e+00	0.000000e+00
1.460000e+02	1.470000e+02	0.000000e+00	0.000000e+00	0.000000e+00
1.470000e+02	1.480000e+02	0.000000e+00	0.000000e+00	0.000000e+00
1.480000e+02	1.490000e+02	0.000000e+00	0.000000e+00	0.000000e+00
1.490000e+02	1.500000e+02	0.000000e+00	0.000000e+00	0.000000e+00
1.500000e+02	1.510000e+02	0.000000e+00	0.000000e+00	0.000000e+00
1.510000e+02	1.520000e+02	0.000000e+00	0.000000e+00	0.000000e+00
1.520000e+02	1.530000e+02	0.000000e+00	0.000000e+00	0.000000e+00
1.530000e+02	1.540000e+02	0.000000e+00	0.000000e+00	0.000000e+00
1.540000e+02	1.550000e+02	0.000000e+00	0.000000e+00	0.000000e+00
1.550000e+02	1.560000e+02	0.000000e+00	0.000000e+00	0.000000e+00
1.560000e+02	1.570000e+02	0.000000e+00	0.000000e+00	0.000000e+00
1.570000e+02	1.580000e+02	0.000000e+00	0.000000e+00	0.000000e+00
1.580000e+02	1.590000e+02	0.000000e+00	0.000000e+00	0.000000e+00
1.590000e+02	1.600000e+02	0.000000e+00	0.000000e+00	0.000000e+00
1.600000e+02	1.610000e+02	0.000000e+00	0.000000e+00	0.000000e+00
1.610000e+02	1.620000e+02	0.000000e+00	0.000000e+00	0.000000e+00
1.620000e+02	1.630000e+02	0.000000e+00	0.000000e+00	0.000000e+00
1.630000e+02	1.640000e+02	0.000000e+00	0.000000e+00	0.000000e+00
1.640000e+02	1.650000e+02	0.000000e+00	0.000000e+00	0.000000e+00
1.650000e+02	1.660000e+02	0.000000e+00	0.000000e+00	0.000000e+00
1.660000e+02	1.670000e+02	0.000000e+00	0.000000e+00	0.000000e+00
1.670000e+02	1.680000e+02	0.000000e+00	0.000000e+00	0.000000e+00
1.680000e+02	1.690000e+02	0.000000e+00	0.000000e+00	0.000000e+00
1.690000e+02	1.700000e+02	0.000000e+00	0.000000e+00	0.000000e+00
1.700000e+02	1.710000e+02	0.000000e+00	0.000000e+00	0.000000e+00
1.710000e+02	1.720000e+02	0.000000e+00	0.000000e+00	0.000000e+00
1.720000e+02	1.730000e+02	0.000000e+00	0.000000e+00	0.000000e+00
1.730000e+02	1.740000e+02	0.000000e+00	0.000000e+00	0.000000e+00
1.740000e+02	1.750000e+02	0.000000e+00	0.000000e+00	0.000000e+00
# END HISTO1D

