# BEGIN PLOT
Legend=1
LogY=1
DrawOnly=//Users/zhupengxuan/Buding/mRC-variables/WW.yoda/CEPC_SMUON/hist_dM_LSP[Weight_MERGING=0.000] //Users/zhupengxuan/Buding/mRC-variables/WW.yoda/CEPC_SMUON/hist_dM_LSP
LegendOnly=//Users/zhupengxuan/Buding/mRC-variables/WW.yoda/CEPC_SMUON/hist_dM_LSP
RatioPlot=1
RatioPlotReference=//Users/zhupengxuan/Buding/mRC-variables/WW.yoda/CEPC_SMUON/hist_dM_LSP
RatioPlotYLabel=Ratio
# END PLOT

# BEGIN HISTO1D //Users/zhupengxuan/Buding/mRC-variables/WW.yoda/CEPC_SMUON/hist_dM_LSP[Weight_MERGING=0.000]
LineColor=red!30
LineStyle=solid
Path=//Users/zhupengxuan/Buding/mRC-variables/WW.yoda/CEPC_SMUON/hist_dM_LSP[Weight_MERGING=0.000]
ScaledBy=1.00000000000000000e+00
Title=WW
# xlow	 xhigh	 val	 errminus	 errplus
0.000000e+00	1.000000e+00	3.883145e-07	2.745798e-07	2.745798e-07
1.000000e+00	2.000000e+00	2.718202e-06	7.264700e-07	7.264700e-07
2.000000e+00	3.000000e+00	3.688988e-06	8.463119e-07	8.463119e-07
3.000000e+00	4.000000e+00	5.824718e-06	1.063443e-06	1.063443e-06
4.000000e+00	5.000000e+00	7.960448e-06	1.243213e-06	1.243213e-06
5.000000e+00	6.000000e+00	7.377976e-06	1.196866e-06	1.196866e-06
6.000000e+00	7.000000e+00	9.319549e-06	1.345161e-06	1.345161e-06
7.000000e+00	8.000000e+00	1.145528e-05	1.491350e-06	1.491350e-06
8.000000e+00	9.000000e+00	1.203775e-05	1.528796e-06	1.528796e-06
9.000000e+00	1.000000e+01	2.155146e-05	2.045574e-06	2.045574e-06
1.000000e+01	1.100000e+01	2.155146e-05	2.045574e-06	2.045574e-06
1.100000e+01	1.200000e+01	3.028853e-05	2.425024e-06	2.425024e-06
1.200000e+01	1.300000e+01	3.514247e-05	2.612119e-06	2.612119e-06
1.300000e+01	1.400000e+01	4.776269e-05	3.045238e-06	3.045238e-06
1.400000e+01	1.500000e+01	6.290696e-05	3.494830e-06	3.494830e-06
1.500000e+01	1.600000e+01	1.062040e-04	4.540956e-06	4.540956e-06
1.600000e+01	1.700000e+01	1.681402e-04	5.713636e-06	5.713636e-06
1.700000e+01	1.800000e+01	2.211451e-04	6.552628e-06	6.552628e-06
1.800000e+01	1.900000e+01	2.667721e-04	7.196926e-06	7.196926e-06
1.900000e+01	2.000000e+01	3.496772e-04	8.239683e-06	8.239683e-06
2.000000e+01	2.100000e+01	3.987990e-04	8.799416e-06	8.799416e-06
2.100000e+01	2.200000e+01	4.708314e-04	9.561137e-06	9.561137e-06
2.200000e+01	2.300000e+01	5.448053e-04	1.028484e-05	1.028484e-05
2.300000e+01	2.400000e+01	6.162552e-04	1.093848e-05	1.093848e-05
2.400000e+01	2.500000e+01	7.007136e-04	1.166399e-05	1.166399e-05
2.500000e+01	2.600000e+01	7.746875e-04	1.226422e-05	1.226422e-05
2.600000e+01	2.700000e+01	8.787558e-04	1.306204e-05	1.306204e-05
2.700000e+01	2.800000e+01	9.604960e-04	1.365604e-05	1.365604e-05
2.800000e+01	2.900000e+01	1.035247e-03	1.417747e-05	1.417747e-05
2.900000e+01	3.000000e+01	1.138344e-03	1.486667e-05	1.486667e-05
3.000000e+01	3.100000e+01	1.219308e-03	1.538627e-05	1.538627e-05
3.100000e+01	3.200000e+01	1.348616e-03	1.618159e-05	1.618159e-05
3.200000e+01	3.300000e+01	1.460063e-03	1.683692e-05	1.683692e-05
3.300000e+01	3.400000e+01	1.625485e-03	1.776513e-05	1.776513e-05
3.400000e+01	3.500000e+01	1.793237e-03	1.865931e-05	1.865931e-05
3.500000e+01	3.600000e+01	1.966813e-03	1.954152e-05	1.954152e-05
3.600000e+01	3.700000e+01	2.177862e-03	2.056326e-05	2.056326e-05
3.700000e+01	3.800000e+01	2.326198e-03	2.125202e-05	2.125202e-05
3.800000e+01	3.900000e+01	2.549867e-03	2.225029e-05	2.225029e-05
3.900000e+01	4.000000e+01	2.796059e-03	2.329968e-05	2.329968e-05
4.000000e+01	4.100000e+01	3.039144e-03	2.429140e-05	2.429140e-05
4.100000e+01	4.200000e+01	3.276016e-03	2.522027e-05	2.522027e-05
4.200000e+01	4.300000e+01	3.641614e-03	2.659033e-05	2.659033e-05
4.300000e+01	4.400000e+01	4.051674e-03	2.804749e-05	2.804749e-05
4.400000e+01	4.500000e+01	4.373781e-03	2.914106e-05	2.914106e-05
4.500000e+01	4.600000e+01	4.788501e-03	3.049135e-05	3.049135e-05
4.600000e+01	4.700000e+01	5.153516e-03	3.163215e-05	3.163215e-05
4.700000e+01	4.800000e+01	5.376215e-03	3.230837e-05	3.230837e-05
4.800000e+01	4.900000e+01	5.604350e-03	3.298674e-05	3.298674e-05
4.900000e+01	5.000000e+01	5.750744e-03	3.341480e-05	3.341480e-05
5.000000e+01	5.100000e+01	5.609592e-03	3.300217e-05	3.300217e-05
5.100000e+01	5.200000e+01	5.461256e-03	3.256289e-05	3.256289e-05
5.200000e+01	5.300000e+01	5.284378e-03	3.203123e-05	3.203123e-05
5.300000e+01	5.400000e+01	5.110025e-03	3.149839e-05	3.149839e-05
5.400000e+01	5.500000e+01	4.938196e-03	3.096428e-05	3.096428e-05
5.500000e+01	5.600000e+01	4.761125e-03	3.040406e-05	3.040406e-05
5.600000e+01	5.700000e+01	4.620749e-03	2.995250e-05	2.995250e-05
5.700000e+01	5.800000e+01	4.499206e-03	2.955594e-05	2.955594e-05
5.800000e+01	5.900000e+01	4.373781e-03	2.914106e-05	2.914106e-05
5.900000e+01	6.000000e+01	4.237288e-03	2.868275e-05	2.868275e-05
6.000000e+01	6.100000e+01	4.036918e-03	2.799637e-05	2.799637e-05
6.100000e+01	6.200000e+01	3.970904e-03	2.776653e-05	2.776653e-05
6.200000e+01	6.300000e+01	3.848197e-03	2.733414e-05	2.733414e-05
6.300000e+01	6.400000e+01	3.746459e-03	2.697039e-05	2.697039e-05
6.400000e+01	6.500000e+01	3.611519e-03	2.648023e-05	2.648023e-05
6.500000e+01	6.600000e+01	3.495802e-03	2.605255e-05	2.605255e-05
6.600000e+01	6.700000e+01	3.371347e-03	2.558459e-05	2.558459e-05
6.700000e+01	6.800000e+01	3.292713e-03	2.528447e-05	2.528447e-05
6.800000e+01	6.900000e+01	3.140688e-03	2.469387e-05	2.469387e-05
6.900000e+01	7.000000e+01	3.050599e-03	2.433713e-05	2.433713e-05
7.000000e+01	7.100000e+01	2.933134e-03	2.386397e-05	2.386397e-05
7.100000e+01	7.200000e+01	2.839744e-03	2.348099e-05	2.348099e-05
7.200000e+01	7.300000e+01	2.712571e-03	2.294919e-05	2.294919e-05
7.300000e+01	7.400000e+01	2.637044e-03	2.262745e-05	2.262745e-05
7.400000e+01	7.500000e+01	2.466574e-03	2.188386e-05	2.188386e-05
7.500000e+01	7.600000e+01	2.367165e-03	2.143834e-05	2.143834e-05
7.600000e+01	7.700000e+01	2.231255e-03	2.081380e-05	2.081380e-05
7.700000e+01	7.800000e+01	1.988947e-03	1.965117e-05	1.965117e-05
7.800000e+01	7.900000e+01	1.732659e-03	1.834144e-05	1.834144e-05
7.900000e+01	8.000000e+01	1.363178e-03	1.626871e-05	1.626871e-05
8.000000e+01	8.100000e+01	8.374003e-04	1.275098e-05	1.275098e-05
8.100000e+01	8.200000e+01	3.997698e-04	8.810120e-06	8.810120e-06
8.200000e+01	8.300000e+01	2.413375e-04	6.845249e-06	6.845249e-06
8.300000e+01	8.400000e+01	1.528018e-04	5.446794e-06	5.446794e-06
8.400000e+01	8.500000e+01	1.180476e-04	4.787463e-06	4.787463e-06
8.500000e+01	8.600000e+01	9.921436e-05	4.388985e-06	4.388985e-06
8.600000e+01	8.700000e+01	7.261482e-05	3.754824e-06	3.754824e-06
8.700000e+01	8.800000e+01	6.096538e-05	3.440475e-06	3.440475e-06
8.800000e+01	8.900000e+01	4.970426e-05	3.106516e-06	3.106516e-06
8.900000e+01	9.000000e+01	3.844314e-05	2.732035e-06	2.732035e-06
9.000000e+01	9.100000e+01	3.533662e-05	2.619325e-06	2.619325e-06
9.100000e+01	9.200000e+01	2.970606e-05	2.401593e-06	2.401593e-06
9.200000e+01	9.300000e+01	2.640539e-05	2.264243e-06	2.264243e-06
9.300000e+01	9.400000e+01	2.135730e-05	2.036339e-06	2.036339e-06
9.400000e+01	9.500000e+01	1.533842e-05	1.725708e-06	1.725708e-06
9.500000e+01	9.600000e+01	1.495011e-05	1.703723e-06	1.703723e-06
9.600000e+01	9.700000e+01	1.300854e-05	1.589246e-06	1.589246e-06
9.700000e+01	9.800000e+01	9.319549e-06	1.345161e-06	1.345161e-06
9.800000e+01	9.900000e+01	1.048449e-05	1.426759e-06	1.426759e-06
9.900000e+01	1.000000e+02	7.377976e-06	1.196866e-06	1.196866e-06
1.000000e+02	1.010000e+02	8.348763e-06	1.273174e-06	1.273174e-06
1.010000e+02	1.020000e+02	5.048089e-06	9.900117e-07	9.900117e-07
1.020000e+02	1.030000e+02	4.271460e-06	9.106783e-07	9.106783e-07
1.030000e+02	1.040000e+02	2.329887e-06	6.725805e-07	6.725805e-07
1.040000e+02	1.050000e+02	1.747415e-06	5.824718e-07	5.824718e-07
1.050000e+02	1.060000e+02	2.135730e-06	6.439468e-07	6.439468e-07
1.060000e+02	1.070000e+02	3.106516e-06	7.766291e-07	7.766291e-07
1.070000e+02	1.080000e+02	1.164944e-06	4.755863e-07	4.755863e-07
1.080000e+02	1.090000e+02	7.766291e-07	3.883146e-07	3.883146e-07
1.090000e+02	1.100000e+02	7.766291e-07	3.883146e-07	3.883146e-07
1.100000e+02	1.110000e+02	5.824718e-07	3.362902e-07	3.362902e-07
1.110000e+02	1.120000e+02	1.941573e-07	1.941573e-07	1.941573e-07
1.120000e+02	1.130000e+02	5.824718e-07	3.362902e-07	3.362902e-07
1.130000e+02	1.140000e+02	1.941573e-07	1.941573e-07	1.941573e-07
1.140000e+02	1.150000e+02	0.000000e+00	0.000000e+00	0.000000e+00
1.150000e+02	1.160000e+02	0.000000e+00	0.000000e+00	0.000000e+00
1.160000e+02	1.170000e+02	0.000000e+00	0.000000e+00	0.000000e+00
1.170000e+02	1.180000e+02	0.000000e+00	0.000000e+00	0.000000e+00
1.180000e+02	1.190000e+02	0.000000e+00	0.000000e+00	0.000000e+00
1.190000e+02	1.200000e+02	0.000000e+00	0.000000e+00	0.000000e+00
1.200000e+02	1.210000e+02	0.000000e+00	0.000000e+00	0.000000e+00
1.210000e+02	1.220000e+02	0.000000e+00	0.000000e+00	0.000000e+00
1.220000e+02	1.230000e+02	0.000000e+00	0.000000e+00	0.000000e+00
1.230000e+02	1.240000e+02	0.000000e+00	0.000000e+00	0.000000e+00
1.240000e+02	1.250000e+02	0.000000e+00	0.000000e+00	0.000000e+00
1.250000e+02	1.260000e+02	0.000000e+00	0.000000e+00	0.000000e+00
1.260000e+02	1.270000e+02	0.000000e+00	0.000000e+00	0.000000e+00
1.270000e+02	1.280000e+02	0.000000e+00	0.000000e+00	0.000000e+00
1.280000e+02	1.290000e+02	0.000000e+00	0.000000e+00	0.000000e+00
1.290000e+02	1.300000e+02	0.000000e+00	0.000000e+00	0.000000e+00
1.300000e+02	1.310000e+02	0.000000e+00	0.000000e+00	0.000000e+00
1.310000e+02	1.320000e+02	0.000000e+00	0.000000e+00	0.000000e+00
1.320000e+02	1.330000e+02	0.000000e+00	0.000000e+00	0.000000e+00
1.330000e+02	1.340000e+02	0.000000e+00	0.000000e+00	0.000000e+00
1.340000e+02	1.350000e+02	0.000000e+00	0.000000e+00	0.000000e+00
1.350000e+02	1.360000e+02	0.000000e+00	0.000000e+00	0.000000e+00
1.360000e+02	1.370000e+02	0.000000e+00	0.000000e+00	0.000000e+00
1.370000e+02	1.380000e+02	0.000000e+00	0.000000e+00	0.000000e+00
1.380000e+02	1.390000e+02	0.000000e+00	0.000000e+00	0.000000e+00
1.390000e+02	1.400000e+02	0.000000e+00	0.000000e+00	0.000000e+00
1.400000e+02	1.410000e+02	0.000000e+00	0.000000e+00	0.000000e+00
1.410000e+02	1.420000e+02	0.000000e+00	0.000000e+00	0.000000e+00
1.420000e+02	1.430000e+02	0.000000e+00	0.000000e+00	0.000000e+00
1.430000e+02	1.440000e+02	0.000000e+00	0.000000e+00	0.000000e+00
1.440000e+02	1.450000e+02	0.000000e+00	0.000000e+00	0.000000e+00
1.450000e+02	1.460000e+02	0.000000e+00	0.000000e+00	0.000000e+00
1.460000e+02	1.470000e+02	0.000000e+00	0.000000e+00	0.000000e+00
1.470000e+02	1.480000e+02	0.000000e+00	0.000000e+00	0.000000e+00
1.480000e+02	1.490000e+02	0.000000e+00	0.000000e+00	0.000000e+00
1.490000e+02	1.500000e+02	0.000000e+00	0.000000e+00	0.000000e+00
1.500000e+02	1.510000e+02	0.000000e+00	0.000000e+00	0.000000e+00
1.510000e+02	1.520000e+02	0.000000e+00	0.000000e+00	0.000000e+00
1.520000e+02	1.530000e+02	0.000000e+00	0.000000e+00	0.000000e+00
1.530000e+02	1.540000e+02	0.000000e+00	0.000000e+00	0.000000e+00
1.540000e+02	1.550000e+02	0.000000e+00	0.000000e+00	0.000000e+00
1.550000e+02	1.560000e+02	0.000000e+00	0.000000e+00	0.000000e+00
1.560000e+02	1.570000e+02	0.000000e+00	0.000000e+00	0.000000e+00
1.570000e+02	1.580000e+02	0.000000e+00	0.000000e+00	0.000000e+00
1.580000e+02	1.590000e+02	0.000000e+00	0.000000e+00	0.000000e+00
1.590000e+02	1.600000e+02	0.000000e+00	0.000000e+00	0.000000e+00
1.600000e+02	1.610000e+02	0.000000e+00	0.000000e+00	0.000000e+00
1.610000e+02	1.620000e+02	0.000000e+00	0.000000e+00	0.000000e+00
1.620000e+02	1.630000e+02	0.000000e+00	0.000000e+00	0.000000e+00
1.630000e+02	1.640000e+02	0.000000e+00	0.000000e+00	0.000000e+00
1.640000e+02	1.650000e+02	0.000000e+00	0.000000e+00	0.000000e+00
1.650000e+02	1.660000e+02	0.000000e+00	0.000000e+00	0.000000e+00
1.660000e+02	1.670000e+02	0.000000e+00	0.000000e+00	0.000000e+00
1.670000e+02	1.680000e+02	0.000000e+00	0.000000e+00	0.000000e+00
1.680000e+02	1.690000e+02	0.000000e+00	0.000000e+00	0.000000e+00
1.690000e+02	1.700000e+02	0.000000e+00	0.000000e+00	0.000000e+00
1.700000e+02	1.710000e+02	0.000000e+00	0.000000e+00	0.000000e+00
1.710000e+02	1.720000e+02	0.000000e+00	0.000000e+00	0.000000e+00
1.720000e+02	1.730000e+02	0.000000e+00	0.000000e+00	0.000000e+00
1.730000e+02	1.740000e+02	0.000000e+00	0.000000e+00	0.000000e+00
1.740000e+02	1.750000e+02	0.000000e+00	0.000000e+00	0.000000e+00
# END HISTO1D


# BEGIN HISTO1D //Users/zhupengxuan/Buding/mRC-variables/WW.yoda/CEPC_SMUON/hist_dM_LSP
LineColor=red
LineStyle=solid
Path=//Users/zhupengxuan/Buding/mRC-variables/WW.yoda/CEPC_SMUON/hist_dM_LSP
ScaledBy=1.00000000000000000e+00
Title=WW
# xlow	 xhigh	 val	 errminus	 errplus
0.000000e+00	1.000000e+00	3.883145e-01	2.745798e-01	2.745798e-01
1.000000e+00	2.000000e+00	2.718202e+00	7.264700e-01	7.264700e-01
2.000000e+00	3.000000e+00	3.688988e+00	8.463119e-01	8.463119e-01
3.000000e+00	4.000000e+00	5.824718e+00	1.063443e+00	1.063443e+00
4.000000e+00	5.000000e+00	7.960448e+00	1.243213e+00	1.243213e+00
5.000000e+00	6.000000e+00	7.377976e+00	1.196866e+00	1.196866e+00
6.000000e+00	7.000000e+00	9.319549e+00	1.345161e+00	1.345161e+00
7.000000e+00	8.000000e+00	1.145528e+01	1.491350e+00	1.491350e+00
8.000000e+00	9.000000e+00	1.203775e+01	1.528796e+00	1.528796e+00
9.000000e+00	1.000000e+01	2.155146e+01	2.045574e+00	2.045574e+00
1.000000e+01	1.100000e+01	2.155146e+01	2.045574e+00	2.045574e+00
1.100000e+01	1.200000e+01	3.028853e+01	2.425024e+00	2.425024e+00
1.200000e+01	1.300000e+01	3.514247e+01	2.612119e+00	2.612119e+00
1.300000e+01	1.400000e+01	4.776269e+01	3.045238e+00	3.045238e+00
1.400000e+01	1.500000e+01	6.290696e+01	3.494830e+00	3.494830e+00
1.500000e+01	1.600000e+01	1.062040e+02	4.540956e+00	4.540956e+00
1.600000e+01	1.700000e+01	1.681402e+02	5.713636e+00	5.713636e+00
1.700000e+01	1.800000e+01	2.211451e+02	6.552628e+00	6.552628e+00
1.800000e+01	1.900000e+01	2.667721e+02	7.196926e+00	7.196926e+00
1.900000e+01	2.000000e+01	3.496772e+02	8.239683e+00	8.239683e+00
2.000000e+01	2.100000e+01	3.987990e+02	8.799416e+00	8.799416e+00
2.100000e+01	2.200000e+01	4.708314e+02	9.561137e+00	9.561137e+00
2.200000e+01	2.300000e+01	5.448053e+02	1.028484e+01	1.028484e+01
2.300000e+01	2.400000e+01	6.162552e+02	1.093848e+01	1.093848e+01
2.400000e+01	2.500000e+01	7.007136e+02	1.166399e+01	1.166399e+01
2.500000e+01	2.600000e+01	7.746875e+02	1.226422e+01	1.226422e+01
2.600000e+01	2.700000e+01	8.787558e+02	1.306204e+01	1.306204e+01
2.700000e+01	2.800000e+01	9.604960e+02	1.365604e+01	1.365604e+01
2.800000e+01	2.900000e+01	1.035247e+03	1.417747e+01	1.417747e+01
2.900000e+01	3.000000e+01	1.138344e+03	1.486667e+01	1.486667e+01
3.000000e+01	3.100000e+01	1.219308e+03	1.538627e+01	1.538627e+01
3.100000e+01	3.200000e+01	1.348616e+03	1.618159e+01	1.618159e+01
3.200000e+01	3.300000e+01	1.460063e+03	1.683692e+01	1.683692e+01
3.300000e+01	3.400000e+01	1.625485e+03	1.776513e+01	1.776513e+01
3.400000e+01	3.500000e+01	1.793237e+03	1.865931e+01	1.865931e+01
3.500000e+01	3.600000e+01	1.966813e+03	1.954152e+01	1.954152e+01
3.600000e+01	3.700000e+01	2.177862e+03	2.056326e+01	2.056326e+01
3.700000e+01	3.800000e+01	2.326198e+03	2.125202e+01	2.125202e+01
3.800000e+01	3.900000e+01	2.549867e+03	2.225029e+01	2.225029e+01
3.900000e+01	4.000000e+01	2.796059e+03	2.329968e+01	2.329968e+01
4.000000e+01	4.100000e+01	3.039144e+03	2.429140e+01	2.429140e+01
4.100000e+01	4.200000e+01	3.276016e+03	2.522027e+01	2.522027e+01
4.200000e+01	4.300000e+01	3.641614e+03	2.659033e+01	2.659033e+01
4.300000e+01	4.400000e+01	4.051674e+03	2.804749e+01	2.804749e+01
4.400000e+01	4.500000e+01	4.373781e+03	2.914106e+01	2.914106e+01
4.500000e+01	4.600000e+01	4.788501e+03	3.049135e+01	3.049135e+01
4.600000e+01	4.700000e+01	5.153516e+03	3.163215e+01	3.163215e+01
4.700000e+01	4.800000e+01	5.376215e+03	3.230837e+01	3.230837e+01
4.800000e+01	4.900000e+01	5.604350e+03	3.298674e+01	3.298674e+01
4.900000e+01	5.000000e+01	5.750744e+03	3.341480e+01	3.341480e+01
5.000000e+01	5.100000e+01	5.609592e+03	3.300217e+01	3.300217e+01
5.100000e+01	5.200000e+01	5.461256e+03	3.256289e+01	3.256289e+01
5.200000e+01	5.300000e+01	5.284378e+03	3.203123e+01	3.203123e+01
5.300000e+01	5.400000e+01	5.110025e+03	3.149839e+01	3.149839e+01
5.400000e+01	5.500000e+01	4.938196e+03	3.096428e+01	3.096428e+01
5.500000e+01	5.600000e+01	4.761125e+03	3.040406e+01	3.040406e+01
5.600000e+01	5.700000e+01	4.620749e+03	2.995250e+01	2.995250e+01
5.700000e+01	5.800000e+01	4.499206e+03	2.955594e+01	2.955594e+01
5.800000e+01	5.900000e+01	4.373781e+03	2.914106e+01	2.914106e+01
5.900000e+01	6.000000e+01	4.237288e+03	2.868275e+01	2.868275e+01
6.000000e+01	6.100000e+01	4.036918e+03	2.799637e+01	2.799637e+01
6.100000e+01	6.200000e+01	3.970904e+03	2.776653e+01	2.776653e+01
6.200000e+01	6.300000e+01	3.848197e+03	2.733414e+01	2.733414e+01
6.300000e+01	6.400000e+01	3.746459e+03	2.697039e+01	2.697039e+01
6.400000e+01	6.500000e+01	3.611519e+03	2.648023e+01	2.648023e+01
6.500000e+01	6.600000e+01	3.495802e+03	2.605255e+01	2.605255e+01
6.600000e+01	6.700000e+01	3.371347e+03	2.558459e+01	2.558459e+01
6.700000e+01	6.800000e+01	3.292713e+03	2.528447e+01	2.528447e+01
6.800000e+01	6.900000e+01	3.140688e+03	2.469387e+01	2.469387e+01
6.900000e+01	7.000000e+01	3.050599e+03	2.433713e+01	2.433713e+01
7.000000e+01	7.100000e+01	2.933134e+03	2.386397e+01	2.386397e+01
7.100000e+01	7.200000e+01	2.839744e+03	2.348099e+01	2.348099e+01
7.200000e+01	7.300000e+01	2.712571e+03	2.294919e+01	2.294919e+01
7.300000e+01	7.400000e+01	2.637044e+03	2.262745e+01	2.262745e+01
7.400000e+01	7.500000e+01	2.466574e+03	2.188386e+01	2.188386e+01
7.500000e+01	7.600000e+01	2.367165e+03	2.143834e+01	2.143834e+01
7.600000e+01	7.700000e+01	2.231255e+03	2.081380e+01	2.081380e+01
7.700000e+01	7.800000e+01	1.988947e+03	1.965117e+01	1.965117e+01
7.800000e+01	7.900000e+01	1.732659e+03	1.834144e+01	1.834144e+01
7.900000e+01	8.000000e+01	1.363178e+03	1.626871e+01	1.626871e+01
8.000000e+01	8.100000e+01	8.374003e+02	1.275098e+01	1.275098e+01
8.100000e+01	8.200000e+01	3.997698e+02	8.810120e+00	8.810120e+00
8.200000e+01	8.300000e+01	2.413375e+02	6.845249e+00	6.845249e+00
8.300000e+01	8.400000e+01	1.528018e+02	5.446794e+00	5.446794e+00
8.400000e+01	8.500000e+01	1.180476e+02	4.787463e+00	4.787463e+00
8.500000e+01	8.600000e+01	9.921436e+01	4.388985e+00	4.388985e+00
8.600000e+01	8.700000e+01	7.261482e+01	3.754824e+00	3.754824e+00
8.700000e+01	8.800000e+01	6.096538e+01	3.440475e+00	3.440475e+00
8.800000e+01	8.900000e+01	4.970426e+01	3.106516e+00	3.106516e+00
8.900000e+01	9.000000e+01	3.844314e+01	2.732035e+00	2.732035e+00
9.000000e+01	9.100000e+01	3.533662e+01	2.619325e+00	2.619325e+00
9.100000e+01	9.200000e+01	2.970606e+01	2.401593e+00	2.401593e+00
9.200000e+01	9.300000e+01	2.640539e+01	2.264243e+00	2.264243e+00
9.300000e+01	9.400000e+01	2.135730e+01	2.036339e+00	2.036339e+00
9.400000e+01	9.500000e+01	1.533842e+01	1.725708e+00	1.725708e+00
9.500000e+01	9.600000e+01	1.495011e+01	1.703723e+00	1.703723e+00
9.600000e+01	9.700000e+01	1.300854e+01	1.589246e+00	1.589246e+00
9.700000e+01	9.800000e+01	9.319549e+00	1.345161e+00	1.345161e+00
9.800000e+01	9.900000e+01	1.048449e+01	1.426759e+00	1.426759e+00
9.900000e+01	1.000000e+02	7.377976e+00	1.196866e+00	1.196866e+00
1.000000e+02	1.010000e+02	8.348763e+00	1.273174e+00	1.273174e+00
1.010000e+02	1.020000e+02	5.048089e+00	9.900117e-01	9.900117e-01
1.020000e+02	1.030000e+02	4.271460e+00	9.106783e-01	9.106783e-01
1.030000e+02	1.040000e+02	2.329887e+00	6.725805e-01	6.725805e-01
1.040000e+02	1.050000e+02	1.747415e+00	5.824718e-01	5.824718e-01
1.050000e+02	1.060000e+02	2.135730e+00	6.439468e-01	6.439468e-01
1.060000e+02	1.070000e+02	3.106516e+00	7.766291e-01	7.766291e-01
1.070000e+02	1.080000e+02	1.164944e+00	4.755863e-01	4.755863e-01
1.080000e+02	1.090000e+02	7.766291e-01	3.883146e-01	3.883146e-01
1.090000e+02	1.100000e+02	7.766291e-01	3.883146e-01	3.883146e-01
1.100000e+02	1.110000e+02	5.824718e-01	3.362902e-01	3.362902e-01
1.110000e+02	1.120000e+02	1.941573e-01	1.941573e-01	1.941573e-01
1.120000e+02	1.130000e+02	5.824718e-01	3.362902e-01	3.362902e-01
1.130000e+02	1.140000e+02	1.941573e-01	1.941573e-01	1.941573e-01
1.140000e+02	1.150000e+02	0.000000e+00	0.000000e+00	0.000000e+00
1.150000e+02	1.160000e+02	0.000000e+00	0.000000e+00	0.000000e+00
1.160000e+02	1.170000e+02	0.000000e+00	0.000000e+00	0.000000e+00
1.170000e+02	1.180000e+02	0.000000e+00	0.000000e+00	0.000000e+00
1.180000e+02	1.190000e+02	0.000000e+00	0.000000e+00	0.000000e+00
1.190000e+02	1.200000e+02	0.000000e+00	0.000000e+00	0.000000e+00
1.200000e+02	1.210000e+02	0.000000e+00	0.000000e+00	0.000000e+00
1.210000e+02	1.220000e+02	0.000000e+00	0.000000e+00	0.000000e+00
1.220000e+02	1.230000e+02	0.000000e+00	0.000000e+00	0.000000e+00
1.230000e+02	1.240000e+02	0.000000e+00	0.000000e+00	0.000000e+00
1.240000e+02	1.250000e+02	0.000000e+00	0.000000e+00	0.000000e+00
1.250000e+02	1.260000e+02	0.000000e+00	0.000000e+00	0.000000e+00
1.260000e+02	1.270000e+02	0.000000e+00	0.000000e+00	0.000000e+00
1.270000e+02	1.280000e+02	0.000000e+00	0.000000e+00	0.000000e+00
1.280000e+02	1.290000e+02	0.000000e+00	0.000000e+00	0.000000e+00
1.290000e+02	1.300000e+02	0.000000e+00	0.000000e+00	0.000000e+00
1.300000e+02	1.310000e+02	0.000000e+00	0.000000e+00	0.000000e+00
1.310000e+02	1.320000e+02	0.000000e+00	0.000000e+00	0.000000e+00
1.320000e+02	1.330000e+02	0.000000e+00	0.000000e+00	0.000000e+00
1.330000e+02	1.340000e+02	0.000000e+00	0.000000e+00	0.000000e+00
1.340000e+02	1.350000e+02	0.000000e+00	0.000000e+00	0.000000e+00
1.350000e+02	1.360000e+02	0.000000e+00	0.000000e+00	0.000000e+00
1.360000e+02	1.370000e+02	0.000000e+00	0.000000e+00	0.000000e+00
1.370000e+02	1.380000e+02	0.000000e+00	0.000000e+00	0.000000e+00
1.380000e+02	1.390000e+02	0.000000e+00	0.000000e+00	0.000000e+00
1.390000e+02	1.400000e+02	0.000000e+00	0.000000e+00	0.000000e+00
1.400000e+02	1.410000e+02	0.000000e+00	0.000000e+00	0.000000e+00
1.410000e+02	1.420000e+02	0.000000e+00	0.000000e+00	0.000000e+00
1.420000e+02	1.430000e+02	0.000000e+00	0.000000e+00	0.000000e+00
1.430000e+02	1.440000e+02	0.000000e+00	0.000000e+00	0.000000e+00
1.440000e+02	1.450000e+02	0.000000e+00	0.000000e+00	0.000000e+00
1.450000e+02	1.460000e+02	0.000000e+00	0.000000e+00	0.000000e+00
1.460000e+02	1.470000e+02	0.000000e+00	0.000000e+00	0.000000e+00
1.470000e+02	1.480000e+02	0.000000e+00	0.000000e+00	0.000000e+00
1.480000e+02	1.490000e+02	0.000000e+00	0.000000e+00	0.000000e+00
1.490000e+02	1.500000e+02	0.000000e+00	0.000000e+00	0.000000e+00
1.500000e+02	1.510000e+02	0.000000e+00	0.000000e+00	0.000000e+00
1.510000e+02	1.520000e+02	0.000000e+00	0.000000e+00	0.000000e+00
1.520000e+02	1.530000e+02	0.000000e+00	0.000000e+00	0.000000e+00
1.530000e+02	1.540000e+02	0.000000e+00	0.000000e+00	0.000000e+00
1.540000e+02	1.550000e+02	0.000000e+00	0.000000e+00	0.000000e+00
1.550000e+02	1.560000e+02	0.000000e+00	0.000000e+00	0.000000e+00
1.560000e+02	1.570000e+02	0.000000e+00	0.000000e+00	0.000000e+00
1.570000e+02	1.580000e+02	0.000000e+00	0.000000e+00	0.000000e+00
1.580000e+02	1.590000e+02	0.000000e+00	0.000000e+00	0.000000e+00
1.590000e+02	1.600000e+02	0.000000e+00	0.000000e+00	0.000000e+00
1.600000e+02	1.610000e+02	0.000000e+00	0.000000e+00	0.000000e+00
1.610000e+02	1.620000e+02	0.000000e+00	0.000000e+00	0.000000e+00
1.620000e+02	1.630000e+02	0.000000e+00	0.000000e+00	0.000000e+00
1.630000e+02	1.640000e+02	0.000000e+00	0.000000e+00	0.000000e+00
1.640000e+02	1.650000e+02	0.000000e+00	0.000000e+00	0.000000e+00
1.650000e+02	1.660000e+02	0.000000e+00	0.000000e+00	0.000000e+00
1.660000e+02	1.670000e+02	0.000000e+00	0.000000e+00	0.000000e+00
1.670000e+02	1.680000e+02	0.000000e+00	0.000000e+00	0.000000e+00
1.680000e+02	1.690000e+02	0.000000e+00	0.000000e+00	0.000000e+00
1.690000e+02	1.700000e+02	0.000000e+00	0.000000e+00	0.000000e+00
1.700000e+02	1.710000e+02	0.000000e+00	0.000000e+00	0.000000e+00
1.710000e+02	1.720000e+02	0.000000e+00	0.000000e+00	0.000000e+00
1.720000e+02	1.730000e+02	0.000000e+00	0.000000e+00	0.000000e+00
1.730000e+02	1.740000e+02	0.000000e+00	0.000000e+00	0.000000e+00
1.740000e+02	1.750000e+02	0.000000e+00	0.000000e+00	0.000000e+00
# END HISTO1D

