# BEGIN PLOT
LegendOnly=//home/buding/Workshop/Events/WMass/80360_tot.yoda/CEPC_MASS/hist_Wmass_mRCmin
DrawOnly=//home/buding/Workshop/Events/WMass/80360_tot.yoda/CEPC_MASS/hist_Wmass_mRCmin[Weight_MERGING=0.000] //home/buding/Workshop/Events/WMass/80360_tot.yoda/CEPC_MASS/hist_Wmass_mRCmin
RatioPlotReference=//home/buding/Workshop/Events/WMass/80360_tot.yoda/CEPC_MASS/hist_Wmass_mRCmin
RatioPlot=1
LogY=0
RatioPlotYMax=1.05
RatioPlotYLabel=Ratio
XLabel=$m_{\rm RC}^{\rm min}$ [GeV]
YLabel=Events
Legend=1
RatioPlotYMin=0.95
# END PLOT

# BEGIN HISTO1D //home/buding/Workshop/Events/WMass/80360_tot.yoda/CEPC_MASS/hist_Wmass_mRCmin[Weight_MERGING=0.000]
ErrorBars=1
LineColor=red!30
LineStyle=solid
Path=//home/buding/Workshop/Events/WMass/80360_tot.yoda/CEPC_MASS/hist_Wmass_mRCmin[Weight_MERGING=0.000]
ScaledBy=3.15620246220667090e+05
Title=80360_tot
# xlow	 xhigh	 val	 errminus	 errplus
7.500000e+01	7.520000e+01	3.325763e+04	1.445957e+02	1.445957e+02
7.520000e+01	7.540000e+01	3.364045e+04	1.454254e+02	1.454254e+02
7.540000e+01	7.560000e+01	3.340033e+04	1.449055e+02	1.449055e+02
7.560000e+01	7.580000e+01	3.372281e+04	1.456033e+02	1.456033e+02
7.580000e+01	7.600000e+01	3.416036e+04	1.465449e+02	1.465449e+02
7.600000e+01	7.620000e+01	3.447343e+04	1.472149e+02	1.472149e+02
7.620000e+01	7.640000e+01	3.452372e+04	1.473222e+02	1.473222e+02
7.640000e+01	7.660000e+01	3.502102e+04	1.483795e+02	1.483795e+02
7.660000e+01	7.680000e+01	3.552900e+04	1.494518e+02	1.494518e+02
7.680000e+01	7.700000e+01	3.562011e+04	1.496432e+02	1.496432e+02
7.700000e+01	7.720000e+01	3.596338e+04	1.503626e+02	1.503626e+02
7.720000e+01	7.740000e+01	3.656498e+04	1.516149e+02	1.516149e+02
7.740000e+01	7.760000e+01	3.723767e+04	1.530032e+02	1.530032e+02
7.760000e+01	7.780000e+01	3.763126e+04	1.538098e+02	1.538098e+02
7.780000e+01	7.800000e+01	3.824417e+04	1.550572e+02	1.550572e+02
7.800000e+01	7.820000e+01	3.881498e+04	1.562101e+02	1.562101e+02
7.820000e+01	7.840000e+01	3.973408e+04	1.580487e+02	1.580487e+02
7.840000e+01	7.860000e+01	4.050299e+04	1.595707e+02	1.595707e+02
7.860000e+01	7.880000e+01	4.103734e+04	1.606198e+02	1.606198e+02
7.880000e+01	7.900000e+01	4.191936e+04	1.623368e+02	1.623368e+02
7.900000e+01	7.920000e+01	4.272595e+04	1.638911e+02	1.638911e+02
7.920000e+01	7.940000e+01	4.348660e+04	1.653435e+02	1.653435e+02
7.940000e+01	7.960000e+01	4.408324e+04	1.664739e+02	1.664739e+02
7.960000e+01	7.980000e+01	4.395683e+04	1.662351e+02	1.662351e+02
7.980000e+01	8.000000e+01	4.368839e+04	1.657267e+02	1.657267e+02
8.000000e+01	8.020000e+01	4.163707e+04	1.617892e+02	1.617892e+02
8.020000e+01	8.040000e+01	3.875024e+04	1.560798e+02	1.560798e+02
8.040000e+01	8.060000e+01	3.514235e+04	1.486363e+02	1.486363e+02
8.060000e+01	8.080000e+01	3.028719e+04	1.379873e+02	1.379873e+02
8.080000e+01	8.100000e+01	2.603173e+04	1.279266e+02	1.279266e+02
8.100000e+01	8.120000e+01	2.229621e+04	1.183927e+02	1.183927e+02
8.120000e+01	8.140000e+01	1.861787e+04	1.081868e+02	1.081868e+02
8.140000e+01	8.160000e+01	1.613844e+04	1.007257e+02	1.007257e+02
8.160000e+01	8.180000e+01	1.369673e+04	9.279362e+01	9.279362e+01
8.180000e+01	8.200000e+01	1.188238e+04	8.642936e+01	8.642936e+01
8.200000e+01	8.220000e+01	1.038301e+04	8.079248e+01	8.079248e+01
8.220000e+01	8.240000e+01	9.236980e+03	7.620346e+01	7.620346e+01
8.240000e+01	8.260000e+01	8.266930e+03	7.209105e+01	7.209105e+01
8.260000e+01	8.280000e+01	7.431445e+03	6.835119e+01	6.835119e+01
8.280000e+01	8.300000e+01	6.546285e+03	6.415154e+01	6.415154e+01
8.300000e+01	8.320000e+01	6.069750e+03	6.177243e+01	6.177243e+01
8.320000e+01	8.340000e+01	5.437945e+03	5.846912e+01	5.846912e+01
8.340000e+01	8.360000e+01	5.004800e+03	5.609227e+01	5.609227e+01
8.360000e+01	8.380000e+01	4.609364e+03	5.383068e+01	5.383068e+01
8.380000e+01	8.400000e+01	4.259204e+03	5.174565e+01	5.174565e+01
8.400000e+01	8.420000e+01	3.883892e+03	4.941323e+01	4.941323e+01
8.420000e+01	8.440000e+01	3.699698e+03	4.822732e+01	4.822732e+01
8.440000e+01	8.460000e+01	3.369644e+03	4.602583e+01	4.602583e+01
8.460000e+01	8.480000e+01	3.137039e+03	4.440888e+01	4.440888e+01
8.480000e+01	8.500000e+01	2.855393e+03	4.236842e+01	4.236842e+01
# END HISTO1D


# BEGIN HISTO1D //home/buding/Workshop/Events/WMass/80360_tot.yoda/CEPC_MASS/hist_Wmass_mRCmin
ErrorBars=1
LineColor=red
LineStyle=solid
Path=//home/buding/Workshop/Events/WMass/80360_tot.yoda/CEPC_MASS/hist_Wmass_mRCmin
ScaledBy=3.15620246220666978e-01
Title=80360_tot
# xlow	 xhigh	 val	 errminus	 errplus
7.500000e+01	7.520000e+01	3.325763e+04	1.445957e+02	1.445957e+02
7.520000e+01	7.540000e+01	3.364045e+04	1.454254e+02	1.454254e+02
7.540000e+01	7.560000e+01	3.340033e+04	1.449055e+02	1.449055e+02
7.560000e+01	7.580000e+01	3.372281e+04	1.456033e+02	1.456033e+02
7.580000e+01	7.600000e+01	3.416036e+04	1.465449e+02	1.465449e+02
7.600000e+01	7.620000e+01	3.447343e+04	1.472149e+02	1.472149e+02
7.620000e+01	7.640000e+01	3.452372e+04	1.473222e+02	1.473222e+02
7.640000e+01	7.660000e+01	3.502102e+04	1.483795e+02	1.483795e+02
7.660000e+01	7.680000e+01	3.552900e+04	1.494518e+02	1.494518e+02
7.680000e+01	7.700000e+01	3.562011e+04	1.496432e+02	1.496432e+02
7.700000e+01	7.720000e+01	3.596338e+04	1.503626e+02	1.503626e+02
7.720000e+01	7.740000e+01	3.656498e+04	1.516149e+02	1.516149e+02
7.740000e+01	7.760000e+01	3.723767e+04	1.530032e+02	1.530032e+02
7.760000e+01	7.780000e+01	3.763126e+04	1.538098e+02	1.538098e+02
7.780000e+01	7.800000e+01	3.824417e+04	1.550572e+02	1.550572e+02
7.800000e+01	7.820000e+01	3.881498e+04	1.562101e+02	1.562101e+02
7.820000e+01	7.840000e+01	3.973408e+04	1.580487e+02	1.580487e+02
7.840000e+01	7.860000e+01	4.050299e+04	1.595707e+02	1.595707e+02
7.860000e+01	7.880000e+01	4.103734e+04	1.606198e+02	1.606198e+02
7.880000e+01	7.900000e+01	4.191936e+04	1.623368e+02	1.623368e+02
7.900000e+01	7.920000e+01	4.272595e+04	1.638911e+02	1.638911e+02
7.920000e+01	7.940000e+01	4.348660e+04	1.653435e+02	1.653435e+02
7.940000e+01	7.960000e+01	4.408324e+04	1.664739e+02	1.664739e+02
7.960000e+01	7.980000e+01	4.395683e+04	1.662351e+02	1.662351e+02
7.980000e+01	8.000000e+01	4.368839e+04	1.657267e+02	1.657267e+02
8.000000e+01	8.020000e+01	4.163707e+04	1.617892e+02	1.617892e+02
8.020000e+01	8.040000e+01	3.875024e+04	1.560798e+02	1.560798e+02
8.040000e+01	8.060000e+01	3.514235e+04	1.486363e+02	1.486363e+02
8.060000e+01	8.080000e+01	3.028719e+04	1.379873e+02	1.379873e+02
8.080000e+01	8.100000e+01	2.603173e+04	1.279266e+02	1.279266e+02
8.100000e+01	8.120000e+01	2.229621e+04	1.183927e+02	1.183927e+02
8.120000e+01	8.140000e+01	1.861787e+04	1.081868e+02	1.081868e+02
8.140000e+01	8.160000e+01	1.613844e+04	1.007257e+02	1.007257e+02
8.160000e+01	8.180000e+01	1.369673e+04	9.279362e+01	9.279362e+01
8.180000e+01	8.200000e+01	1.188238e+04	8.642936e+01	8.642936e+01
8.200000e+01	8.220000e+01	1.038301e+04	8.079248e+01	8.079248e+01
8.220000e+01	8.240000e+01	9.236980e+03	7.620346e+01	7.620346e+01
8.240000e+01	8.260000e+01	8.266930e+03	7.209105e+01	7.209105e+01
8.260000e+01	8.280000e+01	7.431445e+03	6.835119e+01	6.835119e+01
8.280000e+01	8.300000e+01	6.546285e+03	6.415154e+01	6.415154e+01
8.300000e+01	8.320000e+01	6.069750e+03	6.177243e+01	6.177243e+01
8.320000e+01	8.340000e+01	5.437945e+03	5.846912e+01	5.846912e+01
8.340000e+01	8.360000e+01	5.004800e+03	5.609227e+01	5.609227e+01
8.360000e+01	8.380000e+01	4.609364e+03	5.383068e+01	5.383068e+01
8.380000e+01	8.400000e+01	4.259204e+03	5.174565e+01	5.174565e+01
8.400000e+01	8.420000e+01	3.883892e+03	4.941323e+01	4.941323e+01
8.420000e+01	8.440000e+01	3.699698e+03	4.822732e+01	4.822732e+01
8.440000e+01	8.460000e+01	3.369644e+03	4.602583e+01	4.602583e+01
8.460000e+01	8.480000e+01	3.137039e+03	4.440888e+01	4.440888e+01
8.480000e+01	8.500000e+01	2.855393e+03	4.236842e+01	4.236842e+01
# END HISTO1D

