# BEGIN PLOT
LegendOnly=//Users/zhupengxuan/Buding/mRC-variables/Code/Data/bkgww240.yoda/CEPC_SMUON/hist_mLSPmax
XLabel=$m_{\rm LSP}^{\rm max}$ [GeV]
YLabel=Events / 5 GeV
DrawOnly=//Users/zhupengxuan/Buding/mRC-variables/Code/Data/bkgww240.yoda/CEPC_SMUON/hist_mLSPmax[Weight_MERGING=0.000] //Users/zhupengxuan/Buding/mRC-variables/Code/Data/bkgww240.yoda/CEPC_SMUON/hist_mLSPmax
RatioPlot=0
Legend=1
LogY=0
# END PLOT

# BEGIN HISTO1D //Users/zhupengxuan/Buding/mRC-variables/Code/Data/bkgww240.yoda/CEPC_SMUON/hist_mLSPmax[Weight_MERGING=0.000]
ErrorBars=1
LineColor=red!30
LineStyle=solid
Path=//Users/zhupengxuan/Buding/mRC-variables/Code/Data/bkgww240.yoda/CEPC_SMUON/hist_mLSPmax[Weight_MERGING=0.000]
ScaledBy=1.00000000000000000e+00
Title=bkgww240
# xlow	 xhigh	 val	 errminus	 errplus
0.000000e+00	1.000000e+00	9.696688e-05	4.336491e-05	4.336491e-05
1.000000e+00	2.000000e+00	3.490808e-04	8.227913e-05	8.227913e-05
2.000000e+00	3.000000e+00	6.205881e-04	1.097055e-04	1.097055e-04
3.000000e+00	4.000000e+00	1.105422e-03	1.464168e-04	1.464168e-04
4.000000e+00	5.000000e+00	9.696689e-04	1.371319e-04	1.371319e-04
5.000000e+00	6.000000e+00	1.687224e-03	1.808894e-04	1.808894e-04
6.000000e+00	7.000000e+00	1.803584e-03	1.870230e-04	1.870230e-04
7.000000e+00	8.000000e+00	2.443566e-03	2.176901e-04	2.176901e-04
8.000000e+00	9.000000e+00	2.792646e-03	2.327205e-04	2.327205e-04
9.000000e+00	1.000000e+01	2.773253e-03	2.319111e-04	2.319111e-04
1.000000e+01	1.100000e+01	3.432628e-03	2.580121e-04	2.580121e-04
1.100000e+01	1.200000e+01	3.704135e-03	2.680218e-04	2.680218e-04
1.200000e+01	1.300000e+01	4.092003e-03	2.817051e-04	2.817051e-04
1.300000e+01	1.400000e+01	4.925918e-03	3.090796e-04	3.090796e-04
1.400000e+01	1.500000e+01	4.635017e-03	2.998143e-04	2.998143e-04
1.500000e+01	1.600000e+01	5.895587e-03	3.381350e-04	3.381350e-04
1.600000e+01	1.700000e+01	5.294392e-03	3.204311e-04	3.204311e-04
1.700000e+01	1.800000e+01	5.740440e-03	3.336563e-04	3.336563e-04
1.800000e+01	1.900000e+01	5.371965e-03	3.227702e-04	3.227702e-04
1.900000e+01	2.000000e+01	5.352572e-03	3.221869e-04	3.221869e-04
2.000000e+01	2.100000e+01	5.371965e-03	3.227702e-04	3.227702e-04
2.100000e+01	2.200000e+01	5.022885e-03	3.121069e-04	3.121069e-04
2.200000e+01	2.300000e+01	4.673804e-03	3.010662e-04	3.010662e-04
2.300000e+01	2.400000e+01	4.751377e-03	3.035544e-04	3.035544e-04
2.400000e+01	2.500000e+01	4.285936e-03	2.883033e-04	2.883033e-04
2.500000e+01	2.600000e+01	4.576837e-03	2.979267e-04	2.979267e-04
2.600000e+01	2.700000e+01	3.645955e-03	2.659086e-04	2.659086e-04
2.700000e+01	2.800000e+01	4.169576e-03	2.843627e-04	2.843627e-04
2.800000e+01	2.900000e+01	4.324723e-03	2.896049e-04	2.896049e-04
2.900000e+01	3.000000e+01	3.452021e-03	2.587399e-04	2.587399e-04
3.000000e+01	3.100000e+01	3.568381e-03	2.630646e-04	2.630646e-04
3.100000e+01	3.200000e+01	3.607168e-03	2.644904e-04	2.644904e-04
3.200000e+01	3.300000e+01	3.258087e-03	2.513669e-04	2.513669e-04
3.300000e+01	3.400000e+01	3.044760e-03	2.429983e-04	2.429983e-04
3.400000e+01	3.500000e+01	2.656893e-03	2.269937e-04	2.269937e-04
3.500000e+01	3.600000e+01	2.947793e-03	2.390976e-04	2.390976e-04
3.600000e+01	3.700000e+01	2.618106e-03	2.253307e-04	2.253307e-04
3.700000e+01	3.800000e+01	2.870220e-03	2.359306e-04	2.359306e-04
3.800000e+01	3.900000e+01	2.462959e-03	2.185523e-04	2.185523e-04
3.900000e+01	4.000000e+01	2.210845e-03	2.070646e-04	2.070646e-04
4.000000e+01	4.100000e+01	2.385385e-03	2.150830e-04	2.150830e-04
4.100000e+01	4.200000e+01	2.016911e-03	1.977744e-04	1.977744e-04
4.200000e+01	4.300000e+01	1.764797e-03	1.850010e-04	1.850010e-04
4.300000e+01	4.400000e+01	1.706617e-03	1.819260e-04	1.819260e-04
4.400000e+01	4.500000e+01	1.997518e-03	1.968213e-04	1.968213e-04
4.500000e+01	4.600000e+01	2.016911e-03	1.977744e-04	1.977744e-04
4.600000e+01	4.700000e+01	1.764797e-03	1.850010e-04	1.850010e-04
4.700000e+01	4.800000e+01	1.435110e-03	1.668281e-04	1.668281e-04
4.800000e+01	4.900000e+01	1.512683e-03	1.712777e-04	1.712777e-04
4.900000e+01	5.000000e+01	1.551470e-03	1.734596e-04	1.734596e-04
5.000000e+01	5.100000e+01	1.163603e-03	1.502204e-04	1.502204e-04
5.100000e+01	5.200000e+01	1.299356e-03	1.587416e-04	1.587416e-04
5.200000e+01	5.300000e+01	1.202389e-03	1.527036e-04	1.527036e-04
5.300000e+01	5.400000e+01	1.182996e-03	1.514671e-04	1.514671e-04
5.400000e+01	5.500000e+01	1.182996e-03	1.514671e-04	1.514671e-04
5.500000e+01	5.600000e+01	1.124816e-03	1.476956e-04	1.476956e-04
5.600000e+01	5.700000e+01	1.008456e-03	1.398476e-04	1.398476e-04
5.700000e+01	5.800000e+01	9.502755e-04	1.357536e-04	1.357536e-04
5.800000e+01	5.900000e+01	8.533086e-04	1.286411e-04	1.286411e-04
5.900000e+01	6.000000e+01	9.696689e-04	1.371319e-04	1.371319e-04
6.000000e+01	6.100000e+01	7.757351e-04	1.226545e-04	1.226545e-04
6.100000e+01	6.200000e+01	8.339152e-04	1.271709e-04	1.271709e-04
6.200000e+01	6.300000e+01	7.951285e-04	1.241782e-04	1.241782e-04
6.300000e+01	6.400000e+01	6.399814e-04	1.114065e-04	1.114065e-04
6.400000e+01	6.500000e+01	7.175549e-04	1.179653e-04	1.179653e-04
6.500000e+01	6.600000e+01	7.175549e-04	1.179653e-04	1.179653e-04
6.600000e+01	6.700000e+01	5.430146e-04	1.026201e-04	1.026201e-04
6.700000e+01	6.800000e+01	5.430146e-04	1.026201e-04	1.026201e-04
6.800000e+01	6.900000e+01	5.624079e-04	1.044365e-04	1.044365e-04
6.900000e+01	7.000000e+01	6.787682e-04	1.147328e-04	1.147328e-04
7.000000e+01	7.100000e+01	3.684742e-04	8.453377e-05	8.453377e-05
7.100000e+01	7.200000e+01	6.205881e-04	1.097055e-04	1.097055e-04
7.200000e+01	7.300000e+01	5.818013e-04	1.062219e-04	1.062219e-04
7.300000e+01	7.400000e+01	4.848344e-04	9.696689e-05	9.696689e-05
7.400000e+01	7.500000e+01	4.654410e-04	9.500776e-05	9.500776e-05
7.500000e+01	7.600000e+01	3.878675e-04	8.672982e-05	8.672982e-05
7.600000e+01	7.700000e+01	3.102940e-04	7.757351e-05	7.757351e-05
7.700000e+01	7.800000e+01	2.715073e-04	7.256337e-05	7.256337e-05
7.800000e+01	7.900000e+01	3.878675e-04	8.672982e-05	8.672982e-05
7.900000e+01	8.000000e+01	3.490808e-04	8.227913e-05	8.227913e-05
8.000000e+01	8.100000e+01	3.490808e-04	8.227913e-05	8.227913e-05
8.100000e+01	8.200000e+01	2.521139e-04	6.992382e-05	6.992382e-05
8.200000e+01	8.300000e+01	3.490808e-04	8.227913e-05	8.227913e-05
8.300000e+01	8.400000e+01	3.296874e-04	7.996094e-05	7.996094e-05
8.400000e+01	8.500000e+01	4.460477e-04	9.300737e-05	9.300737e-05
8.500000e+01	8.600000e+01	3.102940e-04	7.757351e-05	7.757351e-05
8.600000e+01	8.700000e+01	3.490808e-04	8.227913e-05	8.227913e-05
8.700000e+01	8.800000e+01	2.521139e-04	6.992382e-05	6.992382e-05
8.800000e+01	8.900000e+01	3.296874e-04	7.996094e-05	7.996094e-05
8.900000e+01	9.000000e+01	2.909007e-04	7.511023e-05	7.511023e-05
9.000000e+01	9.100000e+01	2.327205e-04	6.718063e-05	6.718063e-05
9.100000e+01	9.200000e+01	1.939338e-04	6.132725e-05	6.132725e-05
9.200000e+01	9.300000e+01	9.696688e-05	4.336491e-05	4.336491e-05
9.300000e+01	9.400000e+01	2.327205e-04	6.718063e-05	6.718063e-05
9.400000e+01	9.500000e+01	1.745404e-04	5.818013e-05	5.818013e-05
9.500000e+01	9.600000e+01	1.163603e-04	4.750387e-05	4.750387e-05
9.600000e+01	9.700000e+01	7.757351e-05	3.878675e-05	3.878675e-05
9.700000e+01	9.800000e+01	7.757351e-05	3.878675e-05	3.878675e-05
9.800000e+01	9.900000e+01	1.163603e-04	4.750387e-05	4.750387e-05
9.900000e+01	1.000000e+02	3.878675e-05	2.742638e-05	2.742638e-05
1.000000e+02	1.010000e+02	9.696688e-05	4.336491e-05	4.336491e-05
1.010000e+02	1.020000e+02	3.878675e-05	2.742638e-05	2.742638e-05
1.020000e+02	1.030000e+02	1.939338e-05	1.939338e-05	1.939338e-05
1.030000e+02	1.040000e+02	0.000000e+00	0.000000e+00	0.000000e+00
1.040000e+02	1.050000e+02	0.000000e+00	0.000000e+00	0.000000e+00
1.050000e+02	1.060000e+02	0.000000e+00	0.000000e+00	0.000000e+00
1.060000e+02	1.070000e+02	0.000000e+00	0.000000e+00	0.000000e+00
1.070000e+02	1.080000e+02	0.000000e+00	0.000000e+00	0.000000e+00
1.080000e+02	1.090000e+02	0.000000e+00	0.000000e+00	0.000000e+00
1.090000e+02	1.100000e+02	0.000000e+00	0.000000e+00	0.000000e+00
1.100000e+02	1.110000e+02	0.000000e+00	0.000000e+00	0.000000e+00
1.110000e+02	1.120000e+02	0.000000e+00	0.000000e+00	0.000000e+00
1.120000e+02	1.130000e+02	0.000000e+00	0.000000e+00	0.000000e+00
1.130000e+02	1.140000e+02	0.000000e+00	0.000000e+00	0.000000e+00
1.140000e+02	1.150000e+02	0.000000e+00	0.000000e+00	0.000000e+00
1.150000e+02	1.160000e+02	0.000000e+00	0.000000e+00	0.000000e+00
1.160000e+02	1.170000e+02	0.000000e+00	0.000000e+00	0.000000e+00
1.170000e+02	1.180000e+02	0.000000e+00	0.000000e+00	0.000000e+00
1.180000e+02	1.190000e+02	0.000000e+00	0.000000e+00	0.000000e+00
1.190000e+02	1.200000e+02	0.000000e+00	0.000000e+00	0.000000e+00
1.200000e+02	1.210000e+02	0.000000e+00	0.000000e+00	0.000000e+00
1.210000e+02	1.220000e+02	0.000000e+00	0.000000e+00	0.000000e+00
1.220000e+02	1.230000e+02	0.000000e+00	0.000000e+00	0.000000e+00
1.230000e+02	1.240000e+02	0.000000e+00	0.000000e+00	0.000000e+00
1.240000e+02	1.250000e+02	0.000000e+00	0.000000e+00	0.000000e+00
1.250000e+02	1.260000e+02	0.000000e+00	0.000000e+00	0.000000e+00
1.260000e+02	1.270000e+02	0.000000e+00	0.000000e+00	0.000000e+00
1.270000e+02	1.280000e+02	0.000000e+00	0.000000e+00	0.000000e+00
1.280000e+02	1.290000e+02	0.000000e+00	0.000000e+00	0.000000e+00
1.290000e+02	1.300000e+02	0.000000e+00	0.000000e+00	0.000000e+00
1.300000e+02	1.310000e+02	0.000000e+00	0.000000e+00	0.000000e+00
1.310000e+02	1.320000e+02	0.000000e+00	0.000000e+00	0.000000e+00
1.320000e+02	1.330000e+02	0.000000e+00	0.000000e+00	0.000000e+00
1.330000e+02	1.340000e+02	0.000000e+00	0.000000e+00	0.000000e+00
1.340000e+02	1.350000e+02	0.000000e+00	0.000000e+00	0.000000e+00
1.350000e+02	1.360000e+02	0.000000e+00	0.000000e+00	0.000000e+00
1.360000e+02	1.370000e+02	0.000000e+00	0.000000e+00	0.000000e+00
1.370000e+02	1.380000e+02	0.000000e+00	0.000000e+00	0.000000e+00
1.380000e+02	1.390000e+02	0.000000e+00	0.000000e+00	0.000000e+00
1.390000e+02	1.400000e+02	0.000000e+00	0.000000e+00	0.000000e+00
1.400000e+02	1.410000e+02	0.000000e+00	0.000000e+00	0.000000e+00
1.410000e+02	1.420000e+02	0.000000e+00	0.000000e+00	0.000000e+00
1.420000e+02	1.430000e+02	0.000000e+00	0.000000e+00	0.000000e+00
1.430000e+02	1.440000e+02	0.000000e+00	0.000000e+00	0.000000e+00
1.440000e+02	1.450000e+02	0.000000e+00	0.000000e+00	0.000000e+00
1.450000e+02	1.460000e+02	0.000000e+00	0.000000e+00	0.000000e+00
1.460000e+02	1.470000e+02	0.000000e+00	0.000000e+00	0.000000e+00
1.470000e+02	1.480000e+02	0.000000e+00	0.000000e+00	0.000000e+00
1.480000e+02	1.490000e+02	0.000000e+00	0.000000e+00	0.000000e+00
1.490000e+02	1.500000e+02	0.000000e+00	0.000000e+00	0.000000e+00
1.500000e+02	1.510000e+02	0.000000e+00	0.000000e+00	0.000000e+00
1.510000e+02	1.520000e+02	0.000000e+00	0.000000e+00	0.000000e+00
1.520000e+02	1.530000e+02	0.000000e+00	0.000000e+00	0.000000e+00
1.530000e+02	1.540000e+02	0.000000e+00	0.000000e+00	0.000000e+00
1.540000e+02	1.550000e+02	0.000000e+00	0.000000e+00	0.000000e+00
1.550000e+02	1.560000e+02	0.000000e+00	0.000000e+00	0.000000e+00
1.560000e+02	1.570000e+02	0.000000e+00	0.000000e+00	0.000000e+00
1.570000e+02	1.580000e+02	0.000000e+00	0.000000e+00	0.000000e+00
1.580000e+02	1.590000e+02	0.000000e+00	0.000000e+00	0.000000e+00
1.590000e+02	1.600000e+02	0.000000e+00	0.000000e+00	0.000000e+00
1.600000e+02	1.610000e+02	0.000000e+00	0.000000e+00	0.000000e+00
1.610000e+02	1.620000e+02	0.000000e+00	0.000000e+00	0.000000e+00
1.620000e+02	1.630000e+02	0.000000e+00	0.000000e+00	0.000000e+00
1.630000e+02	1.640000e+02	0.000000e+00	0.000000e+00	0.000000e+00
1.640000e+02	1.650000e+02	0.000000e+00	0.000000e+00	0.000000e+00
1.650000e+02	1.660000e+02	0.000000e+00	0.000000e+00	0.000000e+00
1.660000e+02	1.670000e+02	0.000000e+00	0.000000e+00	0.000000e+00
1.670000e+02	1.680000e+02	0.000000e+00	0.000000e+00	0.000000e+00
1.680000e+02	1.690000e+02	0.000000e+00	0.000000e+00	0.000000e+00
1.690000e+02	1.700000e+02	0.000000e+00	0.000000e+00	0.000000e+00
1.700000e+02	1.710000e+02	0.000000e+00	0.000000e+00	0.000000e+00
1.710000e+02	1.720000e+02	0.000000e+00	0.000000e+00	0.000000e+00
1.720000e+02	1.730000e+02	0.000000e+00	0.000000e+00	0.000000e+00
1.730000e+02	1.740000e+02	0.000000e+00	0.000000e+00	0.000000e+00
1.740000e+02	1.750000e+02	0.000000e+00	0.000000e+00	0.000000e+00
# END HISTO1D


# BEGIN HISTO1D //Users/zhupengxuan/Buding/mRC-variables/Code/Data/bkgww240.yoda/CEPC_SMUON/hist_mLSPmax
ErrorBars=1
LineColor=red
LineStyle=solid
Path=//Users/zhupengxuan/Buding/mRC-variables/Code/Data/bkgww240.yoda/CEPC_SMUON/hist_mLSPmax
ScaledBy=1.00000000000000000e+00
Title=bkgww240
# xlow	 xhigh	 val	 errminus	 errplus
0.000000e+00	1.000000e+00	9.696689e-01	4.336491e-01	4.336491e-01
1.000000e+00	2.000000e+00	3.490808e+00	8.227913e-01	8.227913e-01
2.000000e+00	3.000000e+00	6.205881e+00	1.097055e+00	1.097055e+00
3.000000e+00	4.000000e+00	1.105422e+01	1.464168e+00	1.464168e+00
4.000000e+00	5.000000e+00	9.696688e+00	1.371319e+00	1.371319e+00
5.000000e+00	6.000000e+00	1.687224e+01	1.808894e+00	1.808894e+00
6.000000e+00	7.000000e+00	1.803584e+01	1.870230e+00	1.870230e+00
7.000000e+00	8.000000e+00	2.443566e+01	2.176901e+00	2.176901e+00
8.000000e+00	9.000000e+00	2.792646e+01	2.327205e+00	2.327205e+00
9.000000e+00	1.000000e+01	2.773253e+01	2.319111e+00	2.319111e+00
1.000000e+01	1.100000e+01	3.432628e+01	2.580121e+00	2.580121e+00
1.100000e+01	1.200000e+01	3.704135e+01	2.680218e+00	2.680218e+00
1.200000e+01	1.300000e+01	4.092003e+01	2.817051e+00	2.817051e+00
1.300000e+01	1.400000e+01	4.925918e+01	3.090796e+00	3.090796e+00
1.400000e+01	1.500000e+01	4.635017e+01	2.998143e+00	2.998143e+00
1.500000e+01	1.600000e+01	5.895587e+01	3.381350e+00	3.381350e+00
1.600000e+01	1.700000e+01	5.294392e+01	3.204311e+00	3.204311e+00
1.700000e+01	1.800000e+01	5.740440e+01	3.336563e+00	3.336563e+00
1.800000e+01	1.900000e+01	5.371965e+01	3.227702e+00	3.227702e+00
1.900000e+01	2.000000e+01	5.352572e+01	3.221869e+00	3.221869e+00
2.000000e+01	2.100000e+01	5.371965e+01	3.227702e+00	3.227702e+00
2.100000e+01	2.200000e+01	5.022885e+01	3.121069e+00	3.121069e+00
2.200000e+01	2.300000e+01	4.673804e+01	3.010662e+00	3.010662e+00
2.300000e+01	2.400000e+01	4.751377e+01	3.035544e+00	3.035544e+00
2.400000e+01	2.500000e+01	4.285936e+01	2.883033e+00	2.883033e+00
2.500000e+01	2.600000e+01	4.576837e+01	2.979267e+00	2.979267e+00
2.600000e+01	2.700000e+01	3.645955e+01	2.659086e+00	2.659086e+00
2.700000e+01	2.800000e+01	4.169576e+01	2.843627e+00	2.843627e+00
2.800000e+01	2.900000e+01	4.324723e+01	2.896049e+00	2.896049e+00
2.900000e+01	3.000000e+01	3.452021e+01	2.587399e+00	2.587399e+00
3.000000e+01	3.100000e+01	3.568381e+01	2.630646e+00	2.630646e+00
3.100000e+01	3.200000e+01	3.607168e+01	2.644904e+00	2.644904e+00
3.200000e+01	3.300000e+01	3.258087e+01	2.513669e+00	2.513669e+00
3.300000e+01	3.400000e+01	3.044760e+01	2.429983e+00	2.429983e+00
3.400000e+01	3.500000e+01	2.656893e+01	2.269937e+00	2.269937e+00
3.500000e+01	3.600000e+01	2.947793e+01	2.390976e+00	2.390976e+00
3.600000e+01	3.700000e+01	2.618106e+01	2.253307e+00	2.253307e+00
3.700000e+01	3.800000e+01	2.870220e+01	2.359306e+00	2.359306e+00
3.800000e+01	3.900000e+01	2.462959e+01	2.185523e+00	2.185523e+00
3.900000e+01	4.000000e+01	2.210845e+01	2.070646e+00	2.070646e+00
4.000000e+01	4.100000e+01	2.385385e+01	2.150830e+00	2.150830e+00
4.100000e+01	4.200000e+01	2.016911e+01	1.977744e+00	1.977744e+00
4.200000e+01	4.300000e+01	1.764797e+01	1.850010e+00	1.850010e+00
4.300000e+01	4.400000e+01	1.706617e+01	1.819260e+00	1.819260e+00
4.400000e+01	4.500000e+01	1.997518e+01	1.968213e+00	1.968213e+00
4.500000e+01	4.600000e+01	2.016911e+01	1.977744e+00	1.977744e+00
4.600000e+01	4.700000e+01	1.764797e+01	1.850010e+00	1.850010e+00
4.700000e+01	4.800000e+01	1.435110e+01	1.668281e+00	1.668281e+00
4.800000e+01	4.900000e+01	1.512683e+01	1.712777e+00	1.712777e+00
4.900000e+01	5.000000e+01	1.551470e+01	1.734596e+00	1.734596e+00
5.000000e+01	5.100000e+01	1.163603e+01	1.502204e+00	1.502204e+00
5.100000e+01	5.200000e+01	1.299356e+01	1.587416e+00	1.587416e+00
5.200000e+01	5.300000e+01	1.202389e+01	1.527036e+00	1.527036e+00
5.300000e+01	5.400000e+01	1.182996e+01	1.514671e+00	1.514671e+00
5.400000e+01	5.500000e+01	1.182996e+01	1.514671e+00	1.514671e+00
5.500000e+01	5.600000e+01	1.124816e+01	1.476956e+00	1.476956e+00
5.600000e+01	5.700000e+01	1.008456e+01	1.398476e+00	1.398476e+00
5.700000e+01	5.800000e+01	9.502755e+00	1.357536e+00	1.357536e+00
5.800000e+01	5.900000e+01	8.533086e+00	1.286411e+00	1.286411e+00
5.900000e+01	6.000000e+01	9.696688e+00	1.371319e+00	1.371319e+00
6.000000e+01	6.100000e+01	7.757351e+00	1.226545e+00	1.226545e+00
6.100000e+01	6.200000e+01	8.339152e+00	1.271709e+00	1.271709e+00
6.200000e+01	6.300000e+01	7.951285e+00	1.241782e+00	1.241782e+00
6.300000e+01	6.400000e+01	6.399814e+00	1.114065e+00	1.114065e+00
6.400000e+01	6.500000e+01	7.175549e+00	1.179653e+00	1.179653e+00
6.500000e+01	6.600000e+01	7.175549e+00	1.179653e+00	1.179653e+00
6.600000e+01	6.700000e+01	5.430146e+00	1.026201e+00	1.026201e+00
6.700000e+01	6.800000e+01	5.430146e+00	1.026201e+00	1.026201e+00
6.800000e+01	6.900000e+01	5.624079e+00	1.044365e+00	1.044365e+00
6.900000e+01	7.000000e+01	6.787682e+00	1.147328e+00	1.147328e+00
7.000000e+01	7.100000e+01	3.684742e+00	8.453377e-01	8.453377e-01
7.100000e+01	7.200000e+01	6.205881e+00	1.097055e+00	1.097055e+00
7.200000e+01	7.300000e+01	5.818013e+00	1.062219e+00	1.062219e+00
7.300000e+01	7.400000e+01	4.848344e+00	9.696689e-01	9.696689e-01
7.400000e+01	7.500000e+01	4.654410e+00	9.500776e-01	9.500776e-01
7.500000e+01	7.600000e+01	3.878675e+00	8.672982e-01	8.672982e-01
7.600000e+01	7.700000e+01	3.102940e+00	7.757351e-01	7.757351e-01
7.700000e+01	7.800000e+01	2.715073e+00	7.256337e-01	7.256337e-01
7.800000e+01	7.900000e+01	3.878675e+00	8.672982e-01	8.672982e-01
7.900000e+01	8.000000e+01	3.490808e+00	8.227913e-01	8.227913e-01
8.000000e+01	8.100000e+01	3.490808e+00	8.227913e-01	8.227913e-01
8.100000e+01	8.200000e+01	2.521139e+00	6.992382e-01	6.992382e-01
8.200000e+01	8.300000e+01	3.490808e+00	8.227913e-01	8.227913e-01
8.300000e+01	8.400000e+01	3.296874e+00	7.996094e-01	7.996094e-01
8.400000e+01	8.500000e+01	4.460477e+00	9.300737e-01	9.300737e-01
8.500000e+01	8.600000e+01	3.102940e+00	7.757351e-01	7.757351e-01
8.600000e+01	8.700000e+01	3.490808e+00	8.227913e-01	8.227913e-01
8.700000e+01	8.800000e+01	2.521139e+00	6.992382e-01	6.992382e-01
8.800000e+01	8.900000e+01	3.296874e+00	7.996094e-01	7.996094e-01
8.900000e+01	9.000000e+01	2.909007e+00	7.511023e-01	7.511023e-01
9.000000e+01	9.100000e+01	2.327205e+00	6.718063e-01	6.718063e-01
9.100000e+01	9.200000e+01	1.939338e+00	6.132725e-01	6.132725e-01
9.200000e+01	9.300000e+01	9.696689e-01	4.336491e-01	4.336491e-01
9.300000e+01	9.400000e+01	2.327205e+00	6.718063e-01	6.718063e-01
9.400000e+01	9.500000e+01	1.745404e+00	5.818013e-01	5.818013e-01
9.500000e+01	9.600000e+01	1.163603e+00	4.750387e-01	4.750387e-01
9.600000e+01	9.700000e+01	7.757351e-01	3.878675e-01	3.878675e-01
9.700000e+01	9.800000e+01	7.757351e-01	3.878675e-01	3.878675e-01
9.800000e+01	9.900000e+01	1.163603e+00	4.750387e-01	4.750387e-01
9.900000e+01	1.000000e+02	3.878675e-01	2.742638e-01	2.742638e-01
1.000000e+02	1.010000e+02	9.696689e-01	4.336491e-01	4.336491e-01
1.010000e+02	1.020000e+02	3.878675e-01	2.742638e-01	2.742638e-01
1.020000e+02	1.030000e+02	1.939338e-01	1.939338e-01	1.939338e-01
1.030000e+02	1.040000e+02	0.000000e+00	0.000000e+00	0.000000e+00
1.040000e+02	1.050000e+02	0.000000e+00	0.000000e+00	0.000000e+00
1.050000e+02	1.060000e+02	0.000000e+00	0.000000e+00	0.000000e+00
1.060000e+02	1.070000e+02	0.000000e+00	0.000000e+00	0.000000e+00
1.070000e+02	1.080000e+02	0.000000e+00	0.000000e+00	0.000000e+00
1.080000e+02	1.090000e+02	0.000000e+00	0.000000e+00	0.000000e+00
1.090000e+02	1.100000e+02	0.000000e+00	0.000000e+00	0.000000e+00
1.100000e+02	1.110000e+02	0.000000e+00	0.000000e+00	0.000000e+00
1.110000e+02	1.120000e+02	0.000000e+00	0.000000e+00	0.000000e+00
1.120000e+02	1.130000e+02	0.000000e+00	0.000000e+00	0.000000e+00
1.130000e+02	1.140000e+02	0.000000e+00	0.000000e+00	0.000000e+00
1.140000e+02	1.150000e+02	0.000000e+00	0.000000e+00	0.000000e+00
1.150000e+02	1.160000e+02	0.000000e+00	0.000000e+00	0.000000e+00
1.160000e+02	1.170000e+02	0.000000e+00	0.000000e+00	0.000000e+00
1.170000e+02	1.180000e+02	0.000000e+00	0.000000e+00	0.000000e+00
1.180000e+02	1.190000e+02	0.000000e+00	0.000000e+00	0.000000e+00
1.190000e+02	1.200000e+02	0.000000e+00	0.000000e+00	0.000000e+00
1.200000e+02	1.210000e+02	0.000000e+00	0.000000e+00	0.000000e+00
1.210000e+02	1.220000e+02	0.000000e+00	0.000000e+00	0.000000e+00
1.220000e+02	1.230000e+02	0.000000e+00	0.000000e+00	0.000000e+00
1.230000e+02	1.240000e+02	0.000000e+00	0.000000e+00	0.000000e+00
1.240000e+02	1.250000e+02	0.000000e+00	0.000000e+00	0.000000e+00
1.250000e+02	1.260000e+02	0.000000e+00	0.000000e+00	0.000000e+00
1.260000e+02	1.270000e+02	0.000000e+00	0.000000e+00	0.000000e+00
1.270000e+02	1.280000e+02	0.000000e+00	0.000000e+00	0.000000e+00
1.280000e+02	1.290000e+02	0.000000e+00	0.000000e+00	0.000000e+00
1.290000e+02	1.300000e+02	0.000000e+00	0.000000e+00	0.000000e+00
1.300000e+02	1.310000e+02	0.000000e+00	0.000000e+00	0.000000e+00
1.310000e+02	1.320000e+02	0.000000e+00	0.000000e+00	0.000000e+00
1.320000e+02	1.330000e+02	0.000000e+00	0.000000e+00	0.000000e+00
1.330000e+02	1.340000e+02	0.000000e+00	0.000000e+00	0.000000e+00
1.340000e+02	1.350000e+02	0.000000e+00	0.000000e+00	0.000000e+00
1.350000e+02	1.360000e+02	0.000000e+00	0.000000e+00	0.000000e+00
1.360000e+02	1.370000e+02	0.000000e+00	0.000000e+00	0.000000e+00
1.370000e+02	1.380000e+02	0.000000e+00	0.000000e+00	0.000000e+00
1.380000e+02	1.390000e+02	0.000000e+00	0.000000e+00	0.000000e+00
1.390000e+02	1.400000e+02	0.000000e+00	0.000000e+00	0.000000e+00
1.400000e+02	1.410000e+02	0.000000e+00	0.000000e+00	0.000000e+00
1.410000e+02	1.420000e+02	0.000000e+00	0.000000e+00	0.000000e+00
1.420000e+02	1.430000e+02	0.000000e+00	0.000000e+00	0.000000e+00
1.430000e+02	1.440000e+02	0.000000e+00	0.000000e+00	0.000000e+00
1.440000e+02	1.450000e+02	0.000000e+00	0.000000e+00	0.000000e+00
1.450000e+02	1.460000e+02	0.000000e+00	0.000000e+00	0.000000e+00
1.460000e+02	1.470000e+02	0.000000e+00	0.000000e+00	0.000000e+00
1.470000e+02	1.480000e+02	0.000000e+00	0.000000e+00	0.000000e+00
1.480000e+02	1.490000e+02	0.000000e+00	0.000000e+00	0.000000e+00
1.490000e+02	1.500000e+02	0.000000e+00	0.000000e+00	0.000000e+00
1.500000e+02	1.510000e+02	0.000000e+00	0.000000e+00	0.000000e+00
1.510000e+02	1.520000e+02	0.000000e+00	0.000000e+00	0.000000e+00
1.520000e+02	1.530000e+02	0.000000e+00	0.000000e+00	0.000000e+00
1.530000e+02	1.540000e+02	0.000000e+00	0.000000e+00	0.000000e+00
1.540000e+02	1.550000e+02	0.000000e+00	0.000000e+00	0.000000e+00
1.550000e+02	1.560000e+02	0.000000e+00	0.000000e+00	0.000000e+00
1.560000e+02	1.570000e+02	0.000000e+00	0.000000e+00	0.000000e+00
1.570000e+02	1.580000e+02	0.000000e+00	0.000000e+00	0.000000e+00
1.580000e+02	1.590000e+02	0.000000e+00	0.000000e+00	0.000000e+00
1.590000e+02	1.600000e+02	0.000000e+00	0.000000e+00	0.000000e+00
1.600000e+02	1.610000e+02	0.000000e+00	0.000000e+00	0.000000e+00
1.610000e+02	1.620000e+02	0.000000e+00	0.000000e+00	0.000000e+00
1.620000e+02	1.630000e+02	0.000000e+00	0.000000e+00	0.000000e+00
1.630000e+02	1.640000e+02	0.000000e+00	0.000000e+00	0.000000e+00
1.640000e+02	1.650000e+02	0.000000e+00	0.000000e+00	0.000000e+00
1.650000e+02	1.660000e+02	0.000000e+00	0.000000e+00	0.000000e+00
1.660000e+02	1.670000e+02	0.000000e+00	0.000000e+00	0.000000e+00
1.670000e+02	1.680000e+02	0.000000e+00	0.000000e+00	0.000000e+00
1.680000e+02	1.690000e+02	0.000000e+00	0.000000e+00	0.000000e+00
1.690000e+02	1.700000e+02	0.000000e+00	0.000000e+00	0.000000e+00
1.700000e+02	1.710000e+02	0.000000e+00	0.000000e+00	0.000000e+00
1.710000e+02	1.720000e+02	0.000000e+00	0.000000e+00	0.000000e+00
1.720000e+02	1.730000e+02	0.000000e+00	0.000000e+00	0.000000e+00
1.730000e+02	1.740000e+02	0.000000e+00	0.000000e+00	0.000000e+00
1.740000e+02	1.750000e+02	0.000000e+00	0.000000e+00	0.000000e+00
# END HISTO1D

