# BEGIN PLOT
LegendOnly=//Users/zhupengxuan/Buding/mRC-variables/Code/Data/bkgww240.yoda/CEPC_SMUON/hist_mRCmin
XLabel=$m_{\rm RC}^{\rm min}$ [GeV]
YLabel=Events / 5 GeV
DrawOnly=//Users/zhupengxuan/Buding/mRC-variables/Code/Data/bkgww240.yoda/CEPC_SMUON/hist_mRCmin[Weight_MERGING=0.000] //Users/zhupengxuan/Buding/mRC-variables/Code/Data/bkgww240.yoda/CEPC_SMUON/hist_mRCmin
RatioPlot=0
Legend=1
LogY=0
# END PLOT

# BEGIN HISTO1D //Users/zhupengxuan/Buding/mRC-variables/Code/Data/bkgww240.yoda/CEPC_SMUON/hist_mRCmin[Weight_MERGING=0.000]
ErrorBars=1
LineColor=red!30
LineStyle=solid
Path=//Users/zhupengxuan/Buding/mRC-variables/Code/Data/bkgww240.yoda/CEPC_SMUON/hist_mRCmin[Weight_MERGING=0.000]
ScaledBy=1.00000000000000000e+00
Title=bkgww240
# xlow	 xhigh	 val	 errminus	 errplus
0.000000e+00	1.000000e+00	3.878675e-05	2.742638e-05	2.742638e-05
1.000000e+00	2.000000e+00	1.357536e-04	5.131006e-05	5.131006e-05
2.000000e+00	3.000000e+00	1.551470e-04	5.485276e-05	5.485276e-05
3.000000e+00	4.000000e+00	2.521139e-04	6.992382e-05	6.992382e-05
4.000000e+00	5.000000e+00	3.296874e-04	7.996094e-05	7.996094e-05
5.000000e+00	6.000000e+00	3.684742e-04	8.453377e-05	8.453377e-05
6.000000e+00	7.000000e+00	5.042278e-04	9.888721e-05	9.888721e-05
7.000000e+00	8.000000e+00	5.042278e-04	9.888721e-05	9.888721e-05
8.000000e+00	9.000000e+00	7.175549e-04	1.179653e-04	1.179653e-04
9.000000e+00	1.000000e+01	8.920953e-04	1.315323e-04	1.315323e-04
1.000000e+01	1.100000e+01	8.339152e-04	1.271709e-04	1.271709e-04
1.100000e+01	1.200000e+01	9.502755e-04	1.357536e-04	1.357536e-04
1.200000e+01	1.300000e+01	9.308821e-04	1.343613e-04	1.343613e-04
1.300000e+01	1.400000e+01	1.066636e-03	1.438251e-04	1.438251e-04
1.400000e+01	1.500000e+01	1.376930e-03	1.634115e-04	1.634115e-04
1.500000e+01	1.600000e+01	1.279963e-03	1.575525e-04	1.575525e-04
1.600000e+01	1.700000e+01	1.396323e-03	1.645583e-04	1.645583e-04
1.700000e+01	1.800000e+01	1.318750e-03	1.599219e-04	1.599219e-04
1.800000e+01	1.900000e+01	1.512683e-03	1.712777e-04	1.712777e-04
1.900000e+01	2.000000e+01	1.454503e-03	1.679516e-04	1.679516e-04
2.000000e+01	2.100000e+01	1.648437e-03	1.787981e-04	1.787981e-04
2.100000e+01	2.200000e+01	1.629044e-03	1.777432e-04	1.777432e-04
2.200000e+01	2.300000e+01	1.726011e-03	1.829567e-04	1.829567e-04
2.300000e+01	2.400000e+01	1.609650e-03	1.766821e-04	1.766821e-04
2.400000e+01	2.500000e+01	2.249632e-03	2.088731e-04	2.088731e-04
2.500000e+01	2.600000e+01	2.365992e-03	2.142068e-04	2.142068e-04
2.600000e+01	2.700000e+01	1.939338e-03	1.939338e-04	1.939338e-04
2.700000e+01	2.800000e+01	2.094485e-03	2.015419e-04	2.015419e-04
2.800000e+01	2.900000e+01	1.881158e-03	1.910026e-04	1.910026e-04
2.900000e+01	3.000000e+01	1.978124e-03	1.958635e-04	1.958635e-04
3.000000e+01	3.100000e+01	2.288418e-03	2.106660e-04	2.106660e-04
3.100000e+01	3.200000e+01	2.191452e-03	2.061544e-04	2.061544e-04
3.200000e+01	3.300000e+01	2.210845e-03	2.070646e-04	2.070646e-04
3.300000e+01	3.400000e+01	2.404779e-03	2.159555e-04	2.159555e-04
3.400000e+01	3.500000e+01	2.559926e-03	2.228129e-04	2.228129e-04
3.500000e+01	3.600000e+01	2.676286e-03	2.278206e-04	2.278206e-04
3.600000e+01	3.700000e+01	2.172058e-03	2.052402e-04	2.052402e-04
3.700000e+01	3.800000e+01	2.249632e-03	2.088731e-04	2.088731e-04
3.800000e+01	3.900000e+01	2.288418e-03	2.106660e-04	2.106660e-04
3.900000e+01	4.000000e+01	2.482352e-03	2.194110e-04	2.194110e-04
4.000000e+01	4.100000e+01	2.482352e-03	2.194110e-04	2.194110e-04
4.100000e+01	4.200000e+01	2.365992e-03	2.142068e-04	2.142068e-04
4.200000e+01	4.300000e+01	2.579319e-03	2.236553e-04	2.236553e-04
4.300000e+01	4.400000e+01	3.083547e-03	2.445412e-04	2.445412e-04
4.400000e+01	4.500000e+01	2.579319e-03	2.236553e-04	2.236553e-04
4.500000e+01	4.600000e+01	2.850826e-03	2.351322e-04	2.351322e-04
4.600000e+01	4.700000e+01	2.618106e-03	2.253307e-04	2.253307e-04
4.700000e+01	4.800000e+01	2.967187e-03	2.398828e-04	2.398828e-04
4.800000e+01	4.900000e+01	2.559926e-03	2.228129e-04	2.228129e-04
4.900000e+01	5.000000e+01	2.618106e-03	2.253307e-04	2.253307e-04
5.000000e+01	5.100000e+01	2.792646e-03	2.327205e-04	2.327205e-04
5.100000e+01	5.200000e+01	3.219301e-03	2.498662e-04	2.498662e-04
5.200000e+01	5.300000e+01	2.521139e-03	2.211185e-04	2.211185e-04
5.300000e+01	5.400000e+01	3.083547e-03	2.445412e-04	2.445412e-04
5.400000e+01	5.500000e+01	2.870220e-03	2.359306e-04	2.359306e-04
5.500000e+01	5.600000e+01	2.579319e-03	2.236553e-04	2.236553e-04
5.600000e+01	5.700000e+01	2.986580e-03	2.406655e-04	2.406655e-04
5.700000e+01	5.800000e+01	2.773253e-03	2.319111e-04	2.319111e-04
5.800000e+01	5.900000e+01	2.850826e-03	2.351322e-04	2.351322e-04
5.900000e+01	6.000000e+01	2.831433e-03	2.343311e-04	2.343311e-04
6.000000e+01	6.100000e+01	2.792646e-03	2.327205e-04	2.327205e-04
6.100000e+01	6.200000e+01	2.695679e-03	2.286445e-04	2.286445e-04
6.200000e+01	6.300000e+01	2.812040e-03	2.335272e-04	2.335272e-04
6.300000e+01	6.400000e+01	2.967187e-03	2.398828e-04	2.398828e-04
6.400000e+01	6.500000e+01	2.812040e-03	2.335272e-04	2.335272e-04
6.500000e+01	6.600000e+01	2.967187e-03	2.398828e-04	2.398828e-04
6.600000e+01	6.700000e+01	2.792646e-03	2.327205e-04	2.327205e-04
6.700000e+01	6.800000e+01	3.025367e-03	2.422232e-04	2.422232e-04
6.800000e+01	6.900000e+01	2.870220e-03	2.359306e-04	2.359306e-04
6.900000e+01	7.000000e+01	2.637499e-03	2.261637e-04	2.261637e-04
7.000000e+01	7.100000e+01	3.025367e-03	2.422232e-04	2.422232e-04
7.100000e+01	7.200000e+01	2.792646e-03	2.327205e-04	2.327205e-04
7.200000e+01	7.300000e+01	2.695679e-03	2.286445e-04	2.286445e-04
7.300000e+01	7.400000e+01	2.462959e-03	2.185523e-04	2.185523e-04
7.400000e+01	7.500000e+01	2.715073e-03	2.294655e-04	2.294655e-04
7.500000e+01	7.600000e+01	3.665348e-03	2.666149e-04	2.666149e-04
7.600000e+01	7.700000e+01	3.413234e-03	2.572822e-04	2.572822e-04
7.700000e+01	7.800000e+01	3.490808e-03	2.601895e-04	2.601895e-04
7.800000e+01	7.900000e+01	3.199907e-03	2.491124e-04	2.491124e-04
7.900000e+01	8.000000e+01	3.839889e-03	2.728890e-04	2.728890e-04
8.000000e+01	8.100000e+01	3.161120e-03	2.475981e-04	2.475981e-04
8.100000e+01	8.200000e+01	1.590257e-03	1.756145e-04	1.756145e-04
8.200000e+01	8.300000e+01	7.951285e-04	1.241782e-04	1.241782e-04
8.300000e+01	8.400000e+01	3.878675e-04	8.672982e-05	8.672982e-05
8.400000e+01	8.500000e+01	6.399814e-04	1.114065e-04	1.114065e-04
8.500000e+01	8.600000e+01	1.939338e-04	6.132725e-05	6.132725e-05
8.600000e+01	8.700000e+01	1.357536e-04	5.131006e-05	5.131006e-05
8.700000e+01	8.800000e+01	1.357536e-04	5.131006e-05	5.131006e-05
8.800000e+01	8.900000e+01	1.551470e-04	5.485276e-05	5.485276e-05
8.900000e+01	9.000000e+01	9.696688e-05	4.336491e-05	4.336491e-05
9.000000e+01	9.100000e+01	7.757351e-05	3.878675e-05	3.878675e-05
9.100000e+01	9.200000e+01	5.818013e-05	3.359031e-05	3.359031e-05
9.200000e+01	9.300000e+01	9.696688e-05	4.336491e-05	4.336491e-05
9.300000e+01	9.400000e+01	7.757351e-05	3.878675e-05	3.878675e-05
9.400000e+01	9.500000e+01	5.818013e-05	3.359031e-05	3.359031e-05
9.500000e+01	9.600000e+01	7.757351e-05	3.878675e-05	3.878675e-05
9.600000e+01	9.700000e+01	3.878675e-05	2.742638e-05	2.742638e-05
9.700000e+01	9.800000e+01	5.818013e-05	3.359031e-05	3.359031e-05
9.800000e+01	9.900000e+01	3.878675e-05	2.742638e-05	2.742638e-05
9.900000e+01	1.000000e+02	1.939338e-05	1.939338e-05	1.939338e-05
1.000000e+02	1.010000e+02	1.939338e-05	1.939338e-05	1.939338e-05
1.010000e+02	1.020000e+02	0.000000e+00	0.000000e+00	0.000000e+00
1.020000e+02	1.030000e+02	0.000000e+00	0.000000e+00	0.000000e+00
1.030000e+02	1.040000e+02	0.000000e+00	0.000000e+00	0.000000e+00
1.040000e+02	1.050000e+02	1.939338e-05	1.939338e-05	1.939338e-05
1.050000e+02	1.060000e+02	0.000000e+00	0.000000e+00	0.000000e+00
1.060000e+02	1.070000e+02	0.000000e+00	0.000000e+00	0.000000e+00
1.070000e+02	1.080000e+02	1.939338e-05	1.939338e-05	1.939338e-05
1.080000e+02	1.090000e+02	0.000000e+00	0.000000e+00	0.000000e+00
1.090000e+02	1.100000e+02	0.000000e+00	0.000000e+00	0.000000e+00
1.100000e+02	1.110000e+02	0.000000e+00	0.000000e+00	0.000000e+00
1.110000e+02	1.120000e+02	0.000000e+00	0.000000e+00	0.000000e+00
1.120000e+02	1.130000e+02	0.000000e+00	0.000000e+00	0.000000e+00
1.130000e+02	1.140000e+02	0.000000e+00	0.000000e+00	0.000000e+00
1.140000e+02	1.150000e+02	0.000000e+00	0.000000e+00	0.000000e+00
1.150000e+02	1.160000e+02	0.000000e+00	0.000000e+00	0.000000e+00
1.160000e+02	1.170000e+02	0.000000e+00	0.000000e+00	0.000000e+00
1.170000e+02	1.180000e+02	0.000000e+00	0.000000e+00	0.000000e+00
1.180000e+02	1.190000e+02	0.000000e+00	0.000000e+00	0.000000e+00
1.190000e+02	1.200000e+02	0.000000e+00	0.000000e+00	0.000000e+00
1.200000e+02	1.210000e+02	0.000000e+00	0.000000e+00	0.000000e+00
1.210000e+02	1.220000e+02	0.000000e+00	0.000000e+00	0.000000e+00
1.220000e+02	1.230000e+02	0.000000e+00	0.000000e+00	0.000000e+00
1.230000e+02	1.240000e+02	0.000000e+00	0.000000e+00	0.000000e+00
1.240000e+02	1.250000e+02	0.000000e+00	0.000000e+00	0.000000e+00
1.250000e+02	1.260000e+02	0.000000e+00	0.000000e+00	0.000000e+00
1.260000e+02	1.270000e+02	0.000000e+00	0.000000e+00	0.000000e+00
1.270000e+02	1.280000e+02	0.000000e+00	0.000000e+00	0.000000e+00
1.280000e+02	1.290000e+02	0.000000e+00	0.000000e+00	0.000000e+00
1.290000e+02	1.300000e+02	0.000000e+00	0.000000e+00	0.000000e+00
1.300000e+02	1.310000e+02	0.000000e+00	0.000000e+00	0.000000e+00
1.310000e+02	1.320000e+02	0.000000e+00	0.000000e+00	0.000000e+00
1.320000e+02	1.330000e+02	0.000000e+00	0.000000e+00	0.000000e+00
1.330000e+02	1.340000e+02	0.000000e+00	0.000000e+00	0.000000e+00
1.340000e+02	1.350000e+02	0.000000e+00	0.000000e+00	0.000000e+00
1.350000e+02	1.360000e+02	0.000000e+00	0.000000e+00	0.000000e+00
1.360000e+02	1.370000e+02	0.000000e+00	0.000000e+00	0.000000e+00
1.370000e+02	1.380000e+02	0.000000e+00	0.000000e+00	0.000000e+00
1.380000e+02	1.390000e+02	0.000000e+00	0.000000e+00	0.000000e+00
1.390000e+02	1.400000e+02	0.000000e+00	0.000000e+00	0.000000e+00
1.400000e+02	1.410000e+02	0.000000e+00	0.000000e+00	0.000000e+00
1.410000e+02	1.420000e+02	0.000000e+00	0.000000e+00	0.000000e+00
1.420000e+02	1.430000e+02	0.000000e+00	0.000000e+00	0.000000e+00
1.430000e+02	1.440000e+02	0.000000e+00	0.000000e+00	0.000000e+00
1.440000e+02	1.450000e+02	0.000000e+00	0.000000e+00	0.000000e+00
1.450000e+02	1.460000e+02	0.000000e+00	0.000000e+00	0.000000e+00
1.460000e+02	1.470000e+02	0.000000e+00	0.000000e+00	0.000000e+00
1.470000e+02	1.480000e+02	0.000000e+00	0.000000e+00	0.000000e+00
1.480000e+02	1.490000e+02	0.000000e+00	0.000000e+00	0.000000e+00
1.490000e+02	1.500000e+02	0.000000e+00	0.000000e+00	0.000000e+00
1.500000e+02	1.510000e+02	0.000000e+00	0.000000e+00	0.000000e+00
1.510000e+02	1.520000e+02	0.000000e+00	0.000000e+00	0.000000e+00
1.520000e+02	1.530000e+02	0.000000e+00	0.000000e+00	0.000000e+00
1.530000e+02	1.540000e+02	0.000000e+00	0.000000e+00	0.000000e+00
1.540000e+02	1.550000e+02	0.000000e+00	0.000000e+00	0.000000e+00
1.550000e+02	1.560000e+02	0.000000e+00	0.000000e+00	0.000000e+00
1.560000e+02	1.570000e+02	0.000000e+00	0.000000e+00	0.000000e+00
1.570000e+02	1.580000e+02	0.000000e+00	0.000000e+00	0.000000e+00
1.580000e+02	1.590000e+02	0.000000e+00	0.000000e+00	0.000000e+00
1.590000e+02	1.600000e+02	0.000000e+00	0.000000e+00	0.000000e+00
1.600000e+02	1.610000e+02	0.000000e+00	0.000000e+00	0.000000e+00
1.610000e+02	1.620000e+02	0.000000e+00	0.000000e+00	0.000000e+00
1.620000e+02	1.630000e+02	0.000000e+00	0.000000e+00	0.000000e+00
1.630000e+02	1.640000e+02	0.000000e+00	0.000000e+00	0.000000e+00
1.640000e+02	1.650000e+02	0.000000e+00	0.000000e+00	0.000000e+00
1.650000e+02	1.660000e+02	0.000000e+00	0.000000e+00	0.000000e+00
1.660000e+02	1.670000e+02	0.000000e+00	0.000000e+00	0.000000e+00
1.670000e+02	1.680000e+02	0.000000e+00	0.000000e+00	0.000000e+00
1.680000e+02	1.690000e+02	0.000000e+00	0.000000e+00	0.000000e+00
1.690000e+02	1.700000e+02	0.000000e+00	0.000000e+00	0.000000e+00
1.700000e+02	1.710000e+02	0.000000e+00	0.000000e+00	0.000000e+00
1.710000e+02	1.720000e+02	0.000000e+00	0.000000e+00	0.000000e+00
1.720000e+02	1.730000e+02	0.000000e+00	0.000000e+00	0.000000e+00
1.730000e+02	1.740000e+02	0.000000e+00	0.000000e+00	0.000000e+00
1.740000e+02	1.750000e+02	0.000000e+00	0.000000e+00	0.000000e+00
# END HISTO1D


# BEGIN HISTO1D //Users/zhupengxuan/Buding/mRC-variables/Code/Data/bkgww240.yoda/CEPC_SMUON/hist_mRCmin
ErrorBars=1
LineColor=red
LineStyle=solid
Path=//Users/zhupengxuan/Buding/mRC-variables/Code/Data/bkgww240.yoda/CEPC_SMUON/hist_mRCmin
ScaledBy=1.00000000000000000e+00
Title=bkgww240
# xlow	 xhigh	 val	 errminus	 errplus
0.000000e+00	1.000000e+00	3.878675e-01	2.742638e-01	2.742638e-01
1.000000e+00	2.000000e+00	1.357536e+00	5.131006e-01	5.131006e-01
2.000000e+00	3.000000e+00	1.551470e+00	5.485276e-01	5.485276e-01
3.000000e+00	4.000000e+00	2.521139e+00	6.992382e-01	6.992382e-01
4.000000e+00	5.000000e+00	3.296874e+00	7.996094e-01	7.996094e-01
5.000000e+00	6.000000e+00	3.684742e+00	8.453377e-01	8.453377e-01
6.000000e+00	7.000000e+00	5.042278e+00	9.888721e-01	9.888721e-01
7.000000e+00	8.000000e+00	5.042278e+00	9.888721e-01	9.888721e-01
8.000000e+00	9.000000e+00	7.175549e+00	1.179653e+00	1.179653e+00
9.000000e+00	1.000000e+01	8.920953e+00	1.315323e+00	1.315323e+00
1.000000e+01	1.100000e+01	8.339152e+00	1.271709e+00	1.271709e+00
1.100000e+01	1.200000e+01	9.502755e+00	1.357536e+00	1.357536e+00
1.200000e+01	1.300000e+01	9.308821e+00	1.343613e+00	1.343613e+00
1.300000e+01	1.400000e+01	1.066636e+01	1.438251e+00	1.438251e+00
1.400000e+01	1.500000e+01	1.376930e+01	1.634115e+00	1.634115e+00
1.500000e+01	1.600000e+01	1.279963e+01	1.575525e+00	1.575525e+00
1.600000e+01	1.700000e+01	1.396323e+01	1.645583e+00	1.645583e+00
1.700000e+01	1.800000e+01	1.318750e+01	1.599219e+00	1.599219e+00
1.800000e+01	1.900000e+01	1.512683e+01	1.712777e+00	1.712777e+00
1.900000e+01	2.000000e+01	1.454503e+01	1.679516e+00	1.679516e+00
2.000000e+01	2.100000e+01	1.648437e+01	1.787981e+00	1.787981e+00
2.100000e+01	2.200000e+01	1.629044e+01	1.777432e+00	1.777432e+00
2.200000e+01	2.300000e+01	1.726011e+01	1.829567e+00	1.829567e+00
2.300000e+01	2.400000e+01	1.609650e+01	1.766821e+00	1.766821e+00
2.400000e+01	2.500000e+01	2.249632e+01	2.088731e+00	2.088731e+00
2.500000e+01	2.600000e+01	2.365992e+01	2.142068e+00	2.142068e+00
2.600000e+01	2.700000e+01	1.939338e+01	1.939338e+00	1.939338e+00
2.700000e+01	2.800000e+01	2.094485e+01	2.015419e+00	2.015419e+00
2.800000e+01	2.900000e+01	1.881158e+01	1.910026e+00	1.910026e+00
2.900000e+01	3.000000e+01	1.978124e+01	1.958635e+00	1.958635e+00
3.000000e+01	3.100000e+01	2.288418e+01	2.106660e+00	2.106660e+00
3.100000e+01	3.200000e+01	2.191452e+01	2.061544e+00	2.061544e+00
3.200000e+01	3.300000e+01	2.210845e+01	2.070646e+00	2.070646e+00
3.300000e+01	3.400000e+01	2.404779e+01	2.159555e+00	2.159555e+00
3.400000e+01	3.500000e+01	2.559926e+01	2.228129e+00	2.228129e+00
3.500000e+01	3.600000e+01	2.676286e+01	2.278206e+00	2.278206e+00
3.600000e+01	3.700000e+01	2.172058e+01	2.052402e+00	2.052402e+00
3.700000e+01	3.800000e+01	2.249632e+01	2.088731e+00	2.088731e+00
3.800000e+01	3.900000e+01	2.288418e+01	2.106660e+00	2.106660e+00
3.900000e+01	4.000000e+01	2.482352e+01	2.194110e+00	2.194110e+00
4.000000e+01	4.100000e+01	2.482352e+01	2.194110e+00	2.194110e+00
4.100000e+01	4.200000e+01	2.365992e+01	2.142068e+00	2.142068e+00
4.200000e+01	4.300000e+01	2.579319e+01	2.236553e+00	2.236553e+00
4.300000e+01	4.400000e+01	3.083547e+01	2.445412e+00	2.445412e+00
4.400000e+01	4.500000e+01	2.579319e+01	2.236553e+00	2.236553e+00
4.500000e+01	4.600000e+01	2.850826e+01	2.351322e+00	2.351322e+00
4.600000e+01	4.700000e+01	2.618106e+01	2.253307e+00	2.253307e+00
4.700000e+01	4.800000e+01	2.967187e+01	2.398828e+00	2.398828e+00
4.800000e+01	4.900000e+01	2.559926e+01	2.228129e+00	2.228129e+00
4.900000e+01	5.000000e+01	2.618106e+01	2.253307e+00	2.253307e+00
5.000000e+01	5.100000e+01	2.792646e+01	2.327205e+00	2.327205e+00
5.100000e+01	5.200000e+01	3.219301e+01	2.498662e+00	2.498662e+00
5.200000e+01	5.300000e+01	2.521139e+01	2.211185e+00	2.211185e+00
5.300000e+01	5.400000e+01	3.083547e+01	2.445412e+00	2.445412e+00
5.400000e+01	5.500000e+01	2.870220e+01	2.359306e+00	2.359306e+00
5.500000e+01	5.600000e+01	2.579319e+01	2.236553e+00	2.236553e+00
5.600000e+01	5.700000e+01	2.986580e+01	2.406655e+00	2.406655e+00
5.700000e+01	5.800000e+01	2.773253e+01	2.319111e+00	2.319111e+00
5.800000e+01	5.900000e+01	2.850826e+01	2.351322e+00	2.351322e+00
5.900000e+01	6.000000e+01	2.831433e+01	2.343311e+00	2.343311e+00
6.000000e+01	6.100000e+01	2.792646e+01	2.327205e+00	2.327205e+00
6.100000e+01	6.200000e+01	2.695679e+01	2.286445e+00	2.286445e+00
6.200000e+01	6.300000e+01	2.812040e+01	2.335272e+00	2.335272e+00
6.300000e+01	6.400000e+01	2.967187e+01	2.398828e+00	2.398828e+00
6.400000e+01	6.500000e+01	2.812040e+01	2.335272e+00	2.335272e+00
6.500000e+01	6.600000e+01	2.967187e+01	2.398828e+00	2.398828e+00
6.600000e+01	6.700000e+01	2.792646e+01	2.327205e+00	2.327205e+00
6.700000e+01	6.800000e+01	3.025367e+01	2.422232e+00	2.422232e+00
6.800000e+01	6.900000e+01	2.870220e+01	2.359306e+00	2.359306e+00
6.900000e+01	7.000000e+01	2.637499e+01	2.261637e+00	2.261637e+00
7.000000e+01	7.100000e+01	3.025367e+01	2.422232e+00	2.422232e+00
7.100000e+01	7.200000e+01	2.792646e+01	2.327205e+00	2.327205e+00
7.200000e+01	7.300000e+01	2.695679e+01	2.286445e+00	2.286445e+00
7.300000e+01	7.400000e+01	2.462959e+01	2.185523e+00	2.185523e+00
7.400000e+01	7.500000e+01	2.715073e+01	2.294655e+00	2.294655e+00
7.500000e+01	7.600000e+01	3.665348e+01	2.666149e+00	2.666149e+00
7.600000e+01	7.700000e+01	3.413234e+01	2.572822e+00	2.572822e+00
7.700000e+01	7.800000e+01	3.490808e+01	2.601895e+00	2.601895e+00
7.800000e+01	7.900000e+01	3.199907e+01	2.491124e+00	2.491124e+00
7.900000e+01	8.000000e+01	3.839889e+01	2.728890e+00	2.728890e+00
8.000000e+01	8.100000e+01	3.161120e+01	2.475981e+00	2.475981e+00
8.100000e+01	8.200000e+01	1.590257e+01	1.756145e+00	1.756145e+00
8.200000e+01	8.300000e+01	7.951285e+00	1.241782e+00	1.241782e+00
8.300000e+01	8.400000e+01	3.878675e+00	8.672982e-01	8.672982e-01
8.400000e+01	8.500000e+01	6.399814e+00	1.114065e+00	1.114065e+00
8.500000e+01	8.600000e+01	1.939338e+00	6.132725e-01	6.132725e-01
8.600000e+01	8.700000e+01	1.357536e+00	5.131006e-01	5.131006e-01
8.700000e+01	8.800000e+01	1.357536e+00	5.131006e-01	5.131006e-01
8.800000e+01	8.900000e+01	1.551470e+00	5.485276e-01	5.485276e-01
8.900000e+01	9.000000e+01	9.696689e-01	4.336491e-01	4.336491e-01
9.000000e+01	9.100000e+01	7.757351e-01	3.878675e-01	3.878675e-01
9.100000e+01	9.200000e+01	5.818013e-01	3.359031e-01	3.359031e-01
9.200000e+01	9.300000e+01	9.696689e-01	4.336491e-01	4.336491e-01
9.300000e+01	9.400000e+01	7.757351e-01	3.878675e-01	3.878675e-01
9.400000e+01	9.500000e+01	5.818013e-01	3.359031e-01	3.359031e-01
9.500000e+01	9.600000e+01	7.757351e-01	3.878675e-01	3.878675e-01
9.600000e+01	9.700000e+01	3.878675e-01	2.742638e-01	2.742638e-01
9.700000e+01	9.800000e+01	5.818013e-01	3.359031e-01	3.359031e-01
9.800000e+01	9.900000e+01	3.878675e-01	2.742638e-01	2.742638e-01
9.900000e+01	1.000000e+02	1.939338e-01	1.939338e-01	1.939338e-01
1.000000e+02	1.010000e+02	1.939338e-01	1.939338e-01	1.939338e-01
1.010000e+02	1.020000e+02	0.000000e+00	0.000000e+00	0.000000e+00
1.020000e+02	1.030000e+02	0.000000e+00	0.000000e+00	0.000000e+00
1.030000e+02	1.040000e+02	0.000000e+00	0.000000e+00	0.000000e+00
1.040000e+02	1.050000e+02	1.939338e-01	1.939338e-01	1.939338e-01
1.050000e+02	1.060000e+02	0.000000e+00	0.000000e+00	0.000000e+00
1.060000e+02	1.070000e+02	0.000000e+00	0.000000e+00	0.000000e+00
1.070000e+02	1.080000e+02	1.939338e-01	1.939338e-01	1.939338e-01
1.080000e+02	1.090000e+02	0.000000e+00	0.000000e+00	0.000000e+00
1.090000e+02	1.100000e+02	0.000000e+00	0.000000e+00	0.000000e+00
1.100000e+02	1.110000e+02	0.000000e+00	0.000000e+00	0.000000e+00
1.110000e+02	1.120000e+02	0.000000e+00	0.000000e+00	0.000000e+00
1.120000e+02	1.130000e+02	0.000000e+00	0.000000e+00	0.000000e+00
1.130000e+02	1.140000e+02	0.000000e+00	0.000000e+00	0.000000e+00
1.140000e+02	1.150000e+02	0.000000e+00	0.000000e+00	0.000000e+00
1.150000e+02	1.160000e+02	0.000000e+00	0.000000e+00	0.000000e+00
1.160000e+02	1.170000e+02	0.000000e+00	0.000000e+00	0.000000e+00
1.170000e+02	1.180000e+02	0.000000e+00	0.000000e+00	0.000000e+00
1.180000e+02	1.190000e+02	0.000000e+00	0.000000e+00	0.000000e+00
1.190000e+02	1.200000e+02	0.000000e+00	0.000000e+00	0.000000e+00
1.200000e+02	1.210000e+02	0.000000e+00	0.000000e+00	0.000000e+00
1.210000e+02	1.220000e+02	0.000000e+00	0.000000e+00	0.000000e+00
1.220000e+02	1.230000e+02	0.000000e+00	0.000000e+00	0.000000e+00
1.230000e+02	1.240000e+02	0.000000e+00	0.000000e+00	0.000000e+00
1.240000e+02	1.250000e+02	0.000000e+00	0.000000e+00	0.000000e+00
1.250000e+02	1.260000e+02	0.000000e+00	0.000000e+00	0.000000e+00
1.260000e+02	1.270000e+02	0.000000e+00	0.000000e+00	0.000000e+00
1.270000e+02	1.280000e+02	0.000000e+00	0.000000e+00	0.000000e+00
1.280000e+02	1.290000e+02	0.000000e+00	0.000000e+00	0.000000e+00
1.290000e+02	1.300000e+02	0.000000e+00	0.000000e+00	0.000000e+00
1.300000e+02	1.310000e+02	0.000000e+00	0.000000e+00	0.000000e+00
1.310000e+02	1.320000e+02	0.000000e+00	0.000000e+00	0.000000e+00
1.320000e+02	1.330000e+02	0.000000e+00	0.000000e+00	0.000000e+00
1.330000e+02	1.340000e+02	0.000000e+00	0.000000e+00	0.000000e+00
1.340000e+02	1.350000e+02	0.000000e+00	0.000000e+00	0.000000e+00
1.350000e+02	1.360000e+02	0.000000e+00	0.000000e+00	0.000000e+00
1.360000e+02	1.370000e+02	0.000000e+00	0.000000e+00	0.000000e+00
1.370000e+02	1.380000e+02	0.000000e+00	0.000000e+00	0.000000e+00
1.380000e+02	1.390000e+02	0.000000e+00	0.000000e+00	0.000000e+00
1.390000e+02	1.400000e+02	0.000000e+00	0.000000e+00	0.000000e+00
1.400000e+02	1.410000e+02	0.000000e+00	0.000000e+00	0.000000e+00
1.410000e+02	1.420000e+02	0.000000e+00	0.000000e+00	0.000000e+00
1.420000e+02	1.430000e+02	0.000000e+00	0.000000e+00	0.000000e+00
1.430000e+02	1.440000e+02	0.000000e+00	0.000000e+00	0.000000e+00
1.440000e+02	1.450000e+02	0.000000e+00	0.000000e+00	0.000000e+00
1.450000e+02	1.460000e+02	0.000000e+00	0.000000e+00	0.000000e+00
1.460000e+02	1.470000e+02	0.000000e+00	0.000000e+00	0.000000e+00
1.470000e+02	1.480000e+02	0.000000e+00	0.000000e+00	0.000000e+00
1.480000e+02	1.490000e+02	0.000000e+00	0.000000e+00	0.000000e+00
1.490000e+02	1.500000e+02	0.000000e+00	0.000000e+00	0.000000e+00
1.500000e+02	1.510000e+02	0.000000e+00	0.000000e+00	0.000000e+00
1.510000e+02	1.520000e+02	0.000000e+00	0.000000e+00	0.000000e+00
1.520000e+02	1.530000e+02	0.000000e+00	0.000000e+00	0.000000e+00
1.530000e+02	1.540000e+02	0.000000e+00	0.000000e+00	0.000000e+00
1.540000e+02	1.550000e+02	0.000000e+00	0.000000e+00	0.000000e+00
1.550000e+02	1.560000e+02	0.000000e+00	0.000000e+00	0.000000e+00
1.560000e+02	1.570000e+02	0.000000e+00	0.000000e+00	0.000000e+00
1.570000e+02	1.580000e+02	0.000000e+00	0.000000e+00	0.000000e+00
1.580000e+02	1.590000e+02	0.000000e+00	0.000000e+00	0.000000e+00
1.590000e+02	1.600000e+02	0.000000e+00	0.000000e+00	0.000000e+00
1.600000e+02	1.610000e+02	0.000000e+00	0.000000e+00	0.000000e+00
1.610000e+02	1.620000e+02	0.000000e+00	0.000000e+00	0.000000e+00
1.620000e+02	1.630000e+02	0.000000e+00	0.000000e+00	0.000000e+00
1.630000e+02	1.640000e+02	0.000000e+00	0.000000e+00	0.000000e+00
1.640000e+02	1.650000e+02	0.000000e+00	0.000000e+00	0.000000e+00
1.650000e+02	1.660000e+02	0.000000e+00	0.000000e+00	0.000000e+00
1.660000e+02	1.670000e+02	0.000000e+00	0.000000e+00	0.000000e+00
1.670000e+02	1.680000e+02	0.000000e+00	0.000000e+00	0.000000e+00
1.680000e+02	1.690000e+02	0.000000e+00	0.000000e+00	0.000000e+00
1.690000e+02	1.700000e+02	0.000000e+00	0.000000e+00	0.000000e+00
1.700000e+02	1.710000e+02	0.000000e+00	0.000000e+00	0.000000e+00
1.710000e+02	1.720000e+02	0.000000e+00	0.000000e+00	0.000000e+00
1.720000e+02	1.730000e+02	0.000000e+00	0.000000e+00	0.000000e+00
1.730000e+02	1.740000e+02	0.000000e+00	0.000000e+00	0.000000e+00
1.740000e+02	1.750000e+02	0.000000e+00	0.000000e+00	0.000000e+00
# END HISTO1D

