# BEGIN PLOT
LegendOnly=//Users/zhupengxuan/Buding/mRC-variables/Code/Data/bkgww240.yoda/CEPC_SMUON/hist_dM_RC
XLabel=${\rm d}m_{\rm RC}$ [GeV]
YLabel=Events / 5 GeV
DrawOnly=//Users/zhupengxuan/Buding/mRC-variables/Code/Data/bkgww240.yoda/CEPC_SMUON/hist_dM_RC[Weight_MERGING=0.000] //Users/zhupengxuan/Buding/mRC-variables/Code/Data/bkgww240.yoda/CEPC_SMUON/hist_dM_RC
RatioPlot=0
Legend=1
LogY=0
# END PLOT

# BEGIN HISTO1D //Users/zhupengxuan/Buding/mRC-variables/Code/Data/bkgww240.yoda/CEPC_SMUON/hist_dM_RC[Weight_MERGING=0.000]
ErrorBars=1
LineColor=red!30
LineStyle=solid
Path=//Users/zhupengxuan/Buding/mRC-variables/Code/Data/bkgww240.yoda/CEPC_SMUON/hist_dM_RC[Weight_MERGING=0.000]
ScaledBy=1.00000000000000000e+00
Title=bkgww240
# xlow	 xhigh	 val	 errminus	 errplus
0.000000e+00	1.000000e+00	0.000000e+00	0.000000e+00	0.000000e+00
1.000000e+00	2.000000e+00	0.000000e+00	0.000000e+00	0.000000e+00
2.000000e+00	3.000000e+00	0.000000e+00	0.000000e+00	0.000000e+00
3.000000e+00	4.000000e+00	0.000000e+00	0.000000e+00	0.000000e+00
4.000000e+00	5.000000e+00	0.000000e+00	0.000000e+00	0.000000e+00
5.000000e+00	6.000000e+00	0.000000e+00	0.000000e+00	0.000000e+00
6.000000e+00	7.000000e+00	0.000000e+00	0.000000e+00	0.000000e+00
7.000000e+00	8.000000e+00	0.000000e+00	0.000000e+00	0.000000e+00
8.000000e+00	9.000000e+00	0.000000e+00	0.000000e+00	0.000000e+00
9.000000e+00	1.000000e+01	0.000000e+00	0.000000e+00	0.000000e+00
1.000000e+01	1.100000e+01	1.939338e-05	1.939338e-05	1.939338e-05
1.100000e+01	1.200000e+01	1.939338e-05	1.939338e-05	1.939338e-05
1.200000e+01	1.300000e+01	3.878675e-05	2.742638e-05	2.742638e-05
1.300000e+01	1.400000e+01	3.878675e-05	2.742638e-05	2.742638e-05
1.400000e+01	1.500000e+01	1.939338e-05	1.939338e-05	1.939338e-05
1.500000e+01	1.600000e+01	9.696688e-05	4.336491e-05	4.336491e-05
1.600000e+01	1.700000e+01	5.818013e-05	3.359031e-05	3.359031e-05
1.700000e+01	1.800000e+01	1.357536e-04	5.131006e-05	5.131006e-05
1.800000e+01	1.900000e+01	9.696688e-05	4.336491e-05	4.336491e-05
1.900000e+01	2.000000e+01	3.490808e-04	8.227913e-05	8.227913e-05
2.000000e+01	2.100000e+01	1.939338e-04	6.132725e-05	6.132725e-05
2.100000e+01	2.200000e+01	3.296874e-04	7.996094e-05	7.996094e-05
2.200000e+01	2.300000e+01	2.521139e-04	6.992382e-05	6.992382e-05
2.300000e+01	2.400000e+01	3.102940e-04	7.757351e-05	7.757351e-05
2.400000e+01	2.500000e+01	5.430146e-04	1.026201e-04	1.026201e-04
2.500000e+01	2.600000e+01	5.042278e-04	9.888721e-05	9.888721e-05
2.600000e+01	2.700000e+01	6.787682e-04	1.147328e-04	1.147328e-04
2.700000e+01	2.800000e+01	5.042278e-04	9.888721e-05	9.888721e-05
2.800000e+01	2.900000e+01	8.145218e-04	1.256835e-04	1.256835e-04
2.900000e+01	3.000000e+01	7.951285e-04	1.241782e-04	1.241782e-04
3.000000e+01	3.100000e+01	8.145218e-04	1.256835e-04	1.256835e-04
3.100000e+01	3.200000e+01	9.890622e-04	1.384964e-04	1.384964e-04
3.200000e+01	3.300000e+01	6.205881e-04	1.097055e-04	1.097055e-04
3.300000e+01	3.400000e+01	1.047242e-03	1.425116e-04	1.425116e-04
3.400000e+01	3.500000e+01	9.114887e-04	1.329543e-04	1.329543e-04
3.500000e+01	3.600000e+01	5.624079e-04	1.044365e-04	1.044365e-04
3.600000e+01	3.700000e+01	1.318750e-03	1.599219e-04	1.599219e-04
3.700000e+01	3.800000e+01	9.114887e-04	1.329543e-04	1.329543e-04
3.800000e+01	3.900000e+01	8.920953e-04	1.315323e-04	1.315323e-04
3.900000e+01	4.000000e+01	1.163603e-03	1.502204e-04	1.502204e-04
4.000000e+01	4.100000e+01	1.279963e-03	1.575525e-04	1.575525e-04
4.100000e+01	4.200000e+01	9.114887e-04	1.329543e-04	1.329543e-04
4.200000e+01	4.300000e+01	1.338143e-03	1.610935e-04	1.610935e-04
4.300000e+01	4.400000e+01	1.163603e-03	1.502204e-04	1.502204e-04
4.400000e+01	4.500000e+01	1.163603e-03	1.502204e-04	1.502204e-04
4.500000e+01	4.600000e+01	1.667830e-03	1.798468e-04	1.798468e-04
4.600000e+01	4.700000e+01	1.570864e-03	1.745404e-04	1.745404e-04
4.700000e+01	4.800000e+01	1.667830e-03	1.798468e-04	1.798468e-04
4.800000e+01	4.900000e+01	1.473897e-03	1.690675e-04	1.690675e-04
4.900000e+01	5.000000e+01	1.590257e-03	1.756145e-04	1.756145e-04
5.000000e+01	5.100000e+01	1.512683e-03	1.712777e-04	1.712777e-04
5.100000e+01	5.200000e+01	2.133271e-03	2.033995e-04	2.033995e-04
5.200000e+01	5.300000e+01	1.900551e-03	1.919846e-04	1.919846e-04
5.300000e+01	5.400000e+01	1.842371e-03	1.890233e-04	1.890233e-04
5.400000e+01	5.500000e+01	2.424172e-03	2.168245e-04	2.168245e-04
5.500000e+01	5.600000e+01	2.773253e-03	2.319111e-04	2.319111e-04
5.600000e+01	5.700000e+01	2.889613e-03	2.367263e-04	2.367263e-04
5.700000e+01	5.800000e+01	2.889613e-03	2.367263e-04	2.367263e-04
5.800000e+01	5.900000e+01	3.044760e-03	2.429983e-04	2.429983e-04
5.900000e+01	6.000000e+01	2.967187e-03	2.398828e-04	2.398828e-04
6.000000e+01	6.100000e+01	3.529595e-03	2.616310e-04	2.616310e-04
6.100000e+01	6.200000e+01	3.801102e-03	2.715073e-04	2.715073e-04
6.200000e+01	6.300000e+01	4.188969e-03	2.850233e-04	2.850233e-04
6.300000e+01	6.400000e+01	3.820495e-03	2.721990e-04	2.721990e-04
6.400000e+01	6.500000e+01	4.460477e-03	2.941151e-04	2.941151e-04
6.500000e+01	6.600000e+01	4.770771e-03	3.041732e-04	3.041732e-04
6.600000e+01	6.700000e+01	4.945311e-03	3.096874e-04	3.096874e-04
6.700000e+01	6.800000e+01	5.895587e-03	3.381350e-04	3.381350e-04
6.800000e+01	6.900000e+01	6.011947e-03	3.414557e-04	3.414557e-04
6.900000e+01	7.000000e+01	6.186487e-03	3.463768e-04	3.463768e-04
7.000000e+01	7.100000e+01	5.624079e-03	3.302573e-04	3.302573e-04
7.100000e+01	7.200000e+01	6.496781e-03	3.549570e-04	3.549570e-04
7.200000e+01	7.300000e+01	6.535568e-03	3.560150e-04	3.560150e-04
7.300000e+01	7.400000e+01	6.089520e-03	3.436516e-04	3.436516e-04
7.400000e+01	7.500000e+01	6.205881e-03	3.469193e-04	3.469193e-04
7.500000e+01	7.600000e+01	5.565899e-03	3.285447e-04	3.285447e-04
7.600000e+01	7.700000e+01	5.468932e-03	3.256702e-04	3.256702e-04
7.700000e+01	7.800000e+01	5.430146e-03	3.245133e-04	3.245133e-04
7.800000e+01	7.900000e+01	4.208363e-03	2.856823e-04	2.856823e-04
7.900000e+01	8.000000e+01	4.596230e-03	2.985572e-04	2.985572e-04
8.000000e+01	8.100000e+01	3.490808e-03	2.601895e-04	2.601895e-04
8.100000e+01	8.200000e+01	3.917462e-03	2.756317e-04	2.756317e-04
8.200000e+01	8.300000e+01	3.180514e-03	2.483564e-04	2.483564e-04
8.300000e+01	8.400000e+01	2.928400e-03	2.383098e-04	2.383098e-04
8.400000e+01	8.500000e+01	2.695679e-03	2.286445e-04	2.286445e-04
8.500000e+01	8.600000e+01	2.327205e-03	2.124438e-04	2.124438e-04
8.600000e+01	8.700000e+01	1.978124e-03	1.958635e-04	1.958635e-04
8.700000e+01	8.800000e+01	1.512683e-03	1.712777e-04	1.712777e-04
8.800000e+01	8.900000e+01	9.890622e-04	1.384964e-04	1.384964e-04
8.900000e+01	9.000000e+01	7.563417e-04	1.211116e-04	1.211116e-04
9.000000e+01	9.100000e+01	2.133271e-04	6.432056e-05	6.432056e-05
9.100000e+01	9.200000e+01	5.818013e-05	3.359031e-05	3.359031e-05
9.200000e+01	9.300000e+01	9.696688e-05	4.336491e-05	4.336491e-05
9.300000e+01	9.400000e+01	7.757351e-05	3.878675e-05	3.878675e-05
9.400000e+01	9.500000e+01	5.818013e-05	3.359031e-05	3.359031e-05
9.500000e+01	9.600000e+01	3.878675e-05	2.742638e-05	2.742638e-05
9.600000e+01	9.700000e+01	0.000000e+00	0.000000e+00	0.000000e+00
9.700000e+01	9.800000e+01	5.818013e-05	3.359031e-05	3.359031e-05
9.800000e+01	9.900000e+01	0.000000e+00	0.000000e+00	0.000000e+00
9.900000e+01	1.000000e+02	3.878675e-05	2.742638e-05	2.742638e-05
1.000000e+02	1.010000e+02	0.000000e+00	0.000000e+00	0.000000e+00
1.010000e+02	1.020000e+02	1.939338e-05	1.939338e-05	1.939338e-05
1.020000e+02	1.030000e+02	0.000000e+00	0.000000e+00	0.000000e+00
1.030000e+02	1.040000e+02	0.000000e+00	0.000000e+00	0.000000e+00
1.040000e+02	1.050000e+02	0.000000e+00	0.000000e+00	0.000000e+00
1.050000e+02	1.060000e+02	0.000000e+00	0.000000e+00	0.000000e+00
1.060000e+02	1.070000e+02	0.000000e+00	0.000000e+00	0.000000e+00
1.070000e+02	1.080000e+02	0.000000e+00	0.000000e+00	0.000000e+00
1.080000e+02	1.090000e+02	0.000000e+00	0.000000e+00	0.000000e+00
1.090000e+02	1.100000e+02	0.000000e+00	0.000000e+00	0.000000e+00
1.100000e+02	1.110000e+02	0.000000e+00	0.000000e+00	0.000000e+00
1.110000e+02	1.120000e+02	0.000000e+00	0.000000e+00	0.000000e+00
1.120000e+02	1.130000e+02	0.000000e+00	0.000000e+00	0.000000e+00
1.130000e+02	1.140000e+02	0.000000e+00	0.000000e+00	0.000000e+00
1.140000e+02	1.150000e+02	0.000000e+00	0.000000e+00	0.000000e+00
1.150000e+02	1.160000e+02	0.000000e+00	0.000000e+00	0.000000e+00
1.160000e+02	1.170000e+02	0.000000e+00	0.000000e+00	0.000000e+00
1.170000e+02	1.180000e+02	0.000000e+00	0.000000e+00	0.000000e+00
1.180000e+02	1.190000e+02	0.000000e+00	0.000000e+00	0.000000e+00
1.190000e+02	1.200000e+02	0.000000e+00	0.000000e+00	0.000000e+00
1.200000e+02	1.210000e+02	0.000000e+00	0.000000e+00	0.000000e+00
1.210000e+02	1.220000e+02	0.000000e+00	0.000000e+00	0.000000e+00
1.220000e+02	1.230000e+02	0.000000e+00	0.000000e+00	0.000000e+00
1.230000e+02	1.240000e+02	0.000000e+00	0.000000e+00	0.000000e+00
1.240000e+02	1.250000e+02	0.000000e+00	0.000000e+00	0.000000e+00
1.250000e+02	1.260000e+02	0.000000e+00	0.000000e+00	0.000000e+00
1.260000e+02	1.270000e+02	0.000000e+00	0.000000e+00	0.000000e+00
1.270000e+02	1.280000e+02	0.000000e+00	0.000000e+00	0.000000e+00
1.280000e+02	1.290000e+02	0.000000e+00	0.000000e+00	0.000000e+00
1.290000e+02	1.300000e+02	0.000000e+00	0.000000e+00	0.000000e+00
1.300000e+02	1.310000e+02	0.000000e+00	0.000000e+00	0.000000e+00
1.310000e+02	1.320000e+02	0.000000e+00	0.000000e+00	0.000000e+00
1.320000e+02	1.330000e+02	0.000000e+00	0.000000e+00	0.000000e+00
1.330000e+02	1.340000e+02	0.000000e+00	0.000000e+00	0.000000e+00
1.340000e+02	1.350000e+02	0.000000e+00	0.000000e+00	0.000000e+00
1.350000e+02	1.360000e+02	0.000000e+00	0.000000e+00	0.000000e+00
1.360000e+02	1.370000e+02	0.000000e+00	0.000000e+00	0.000000e+00
1.370000e+02	1.380000e+02	0.000000e+00	0.000000e+00	0.000000e+00
1.380000e+02	1.390000e+02	0.000000e+00	0.000000e+00	0.000000e+00
1.390000e+02	1.400000e+02	0.000000e+00	0.000000e+00	0.000000e+00
1.400000e+02	1.410000e+02	0.000000e+00	0.000000e+00	0.000000e+00
1.410000e+02	1.420000e+02	0.000000e+00	0.000000e+00	0.000000e+00
1.420000e+02	1.430000e+02	0.000000e+00	0.000000e+00	0.000000e+00
1.430000e+02	1.440000e+02	0.000000e+00	0.000000e+00	0.000000e+00
1.440000e+02	1.450000e+02	0.000000e+00	0.000000e+00	0.000000e+00
1.450000e+02	1.460000e+02	0.000000e+00	0.000000e+00	0.000000e+00
1.460000e+02	1.470000e+02	0.000000e+00	0.000000e+00	0.000000e+00
1.470000e+02	1.480000e+02	0.000000e+00	0.000000e+00	0.000000e+00
1.480000e+02	1.490000e+02	0.000000e+00	0.000000e+00	0.000000e+00
1.490000e+02	1.500000e+02	0.000000e+00	0.000000e+00	0.000000e+00
1.500000e+02	1.510000e+02	0.000000e+00	0.000000e+00	0.000000e+00
1.510000e+02	1.520000e+02	0.000000e+00	0.000000e+00	0.000000e+00
1.520000e+02	1.530000e+02	0.000000e+00	0.000000e+00	0.000000e+00
1.530000e+02	1.540000e+02	0.000000e+00	0.000000e+00	0.000000e+00
1.540000e+02	1.550000e+02	0.000000e+00	0.000000e+00	0.000000e+00
1.550000e+02	1.560000e+02	0.000000e+00	0.000000e+00	0.000000e+00
1.560000e+02	1.570000e+02	0.000000e+00	0.000000e+00	0.000000e+00
1.570000e+02	1.580000e+02	0.000000e+00	0.000000e+00	0.000000e+00
1.580000e+02	1.590000e+02	0.000000e+00	0.000000e+00	0.000000e+00
1.590000e+02	1.600000e+02	0.000000e+00	0.000000e+00	0.000000e+00
1.600000e+02	1.610000e+02	0.000000e+00	0.000000e+00	0.000000e+00
1.610000e+02	1.620000e+02	0.000000e+00	0.000000e+00	0.000000e+00
1.620000e+02	1.630000e+02	0.000000e+00	0.000000e+00	0.000000e+00
1.630000e+02	1.640000e+02	0.000000e+00	0.000000e+00	0.000000e+00
1.640000e+02	1.650000e+02	0.000000e+00	0.000000e+00	0.000000e+00
1.650000e+02	1.660000e+02	0.000000e+00	0.000000e+00	0.000000e+00
1.660000e+02	1.670000e+02	0.000000e+00	0.000000e+00	0.000000e+00
1.670000e+02	1.680000e+02	0.000000e+00	0.000000e+00	0.000000e+00
1.680000e+02	1.690000e+02	0.000000e+00	0.000000e+00	0.000000e+00
1.690000e+02	1.700000e+02	0.000000e+00	0.000000e+00	0.000000e+00
1.700000e+02	1.710000e+02	0.000000e+00	0.000000e+00	0.000000e+00
1.710000e+02	1.720000e+02	0.000000e+00	0.000000e+00	0.000000e+00
1.720000e+02	1.730000e+02	0.000000e+00	0.000000e+00	0.000000e+00
1.730000e+02	1.740000e+02	0.000000e+00	0.000000e+00	0.000000e+00
1.740000e+02	1.750000e+02	0.000000e+00	0.000000e+00	0.000000e+00
# END HISTO1D


# BEGIN HISTO1D //Users/zhupengxuan/Buding/mRC-variables/Code/Data/bkgww240.yoda/CEPC_SMUON/hist_dM_RC
ErrorBars=1
LineColor=red
LineStyle=solid
Path=//Users/zhupengxuan/Buding/mRC-variables/Code/Data/bkgww240.yoda/CEPC_SMUON/hist_dM_RC
ScaledBy=1.00000000000000000e+00
Title=bkgww240
# xlow	 xhigh	 val	 errminus	 errplus
0.000000e+00	1.000000e+00	0.000000e+00	0.000000e+00	0.000000e+00
1.000000e+00	2.000000e+00	0.000000e+00	0.000000e+00	0.000000e+00
2.000000e+00	3.000000e+00	0.000000e+00	0.000000e+00	0.000000e+00
3.000000e+00	4.000000e+00	0.000000e+00	0.000000e+00	0.000000e+00
4.000000e+00	5.000000e+00	0.000000e+00	0.000000e+00	0.000000e+00
5.000000e+00	6.000000e+00	0.000000e+00	0.000000e+00	0.000000e+00
6.000000e+00	7.000000e+00	0.000000e+00	0.000000e+00	0.000000e+00
7.000000e+00	8.000000e+00	0.000000e+00	0.000000e+00	0.000000e+00
8.000000e+00	9.000000e+00	0.000000e+00	0.000000e+00	0.000000e+00
9.000000e+00	1.000000e+01	0.000000e+00	0.000000e+00	0.000000e+00
1.000000e+01	1.100000e+01	1.939338e-01	1.939338e-01	1.939338e-01
1.100000e+01	1.200000e+01	1.939338e-01	1.939338e-01	1.939338e-01
1.200000e+01	1.300000e+01	3.878675e-01	2.742638e-01	2.742638e-01
1.300000e+01	1.400000e+01	3.878675e-01	2.742638e-01	2.742638e-01
1.400000e+01	1.500000e+01	1.939338e-01	1.939338e-01	1.939338e-01
1.500000e+01	1.600000e+01	9.696689e-01	4.336491e-01	4.336491e-01
1.600000e+01	1.700000e+01	5.818013e-01	3.359031e-01	3.359031e-01
1.700000e+01	1.800000e+01	1.357536e+00	5.131006e-01	5.131006e-01
1.800000e+01	1.900000e+01	9.696689e-01	4.336491e-01	4.336491e-01
1.900000e+01	2.000000e+01	3.490808e+00	8.227913e-01	8.227913e-01
2.000000e+01	2.100000e+01	1.939338e+00	6.132725e-01	6.132725e-01
2.100000e+01	2.200000e+01	3.296874e+00	7.996094e-01	7.996094e-01
2.200000e+01	2.300000e+01	2.521139e+00	6.992382e-01	6.992382e-01
2.300000e+01	2.400000e+01	3.102940e+00	7.757351e-01	7.757351e-01
2.400000e+01	2.500000e+01	5.430146e+00	1.026201e+00	1.026201e+00
2.500000e+01	2.600000e+01	5.042278e+00	9.888721e-01	9.888721e-01
2.600000e+01	2.700000e+01	6.787682e+00	1.147328e+00	1.147328e+00
2.700000e+01	2.800000e+01	5.042278e+00	9.888721e-01	9.888721e-01
2.800000e+01	2.900000e+01	8.145218e+00	1.256835e+00	1.256835e+00
2.900000e+01	3.000000e+01	7.951285e+00	1.241782e+00	1.241782e+00
3.000000e+01	3.100000e+01	8.145218e+00	1.256835e+00	1.256835e+00
3.100000e+01	3.200000e+01	9.890622e+00	1.384964e+00	1.384964e+00
3.200000e+01	3.300000e+01	6.205881e+00	1.097055e+00	1.097055e+00
3.300000e+01	3.400000e+01	1.047242e+01	1.425116e+00	1.425116e+00
3.400000e+01	3.500000e+01	9.114887e+00	1.329543e+00	1.329543e+00
3.500000e+01	3.600000e+01	5.624079e+00	1.044365e+00	1.044365e+00
3.600000e+01	3.700000e+01	1.318750e+01	1.599219e+00	1.599219e+00
3.700000e+01	3.800000e+01	9.114887e+00	1.329543e+00	1.329543e+00
3.800000e+01	3.900000e+01	8.920953e+00	1.315323e+00	1.315323e+00
3.900000e+01	4.000000e+01	1.163603e+01	1.502204e+00	1.502204e+00
4.000000e+01	4.100000e+01	1.279963e+01	1.575525e+00	1.575525e+00
4.100000e+01	4.200000e+01	9.114887e+00	1.329543e+00	1.329543e+00
4.200000e+01	4.300000e+01	1.338143e+01	1.610935e+00	1.610935e+00
4.300000e+01	4.400000e+01	1.163603e+01	1.502204e+00	1.502204e+00
4.400000e+01	4.500000e+01	1.163603e+01	1.502204e+00	1.502204e+00
4.500000e+01	4.600000e+01	1.667830e+01	1.798468e+00	1.798468e+00
4.600000e+01	4.700000e+01	1.570864e+01	1.745404e+00	1.745404e+00
4.700000e+01	4.800000e+01	1.667830e+01	1.798468e+00	1.798468e+00
4.800000e+01	4.900000e+01	1.473897e+01	1.690675e+00	1.690675e+00
4.900000e+01	5.000000e+01	1.590257e+01	1.756145e+00	1.756145e+00
5.000000e+01	5.100000e+01	1.512683e+01	1.712777e+00	1.712777e+00
5.100000e+01	5.200000e+01	2.133271e+01	2.033995e+00	2.033995e+00
5.200000e+01	5.300000e+01	1.900551e+01	1.919846e+00	1.919846e+00
5.300000e+01	5.400000e+01	1.842371e+01	1.890233e+00	1.890233e+00
5.400000e+01	5.500000e+01	2.424172e+01	2.168245e+00	2.168245e+00
5.500000e+01	5.600000e+01	2.773253e+01	2.319111e+00	2.319111e+00
5.600000e+01	5.700000e+01	2.889613e+01	2.367263e+00	2.367263e+00
5.700000e+01	5.800000e+01	2.889613e+01	2.367263e+00	2.367263e+00
5.800000e+01	5.900000e+01	3.044760e+01	2.429983e+00	2.429983e+00
5.900000e+01	6.000000e+01	2.967187e+01	2.398828e+00	2.398828e+00
6.000000e+01	6.100000e+01	3.529595e+01	2.616310e+00	2.616310e+00
6.100000e+01	6.200000e+01	3.801102e+01	2.715073e+00	2.715073e+00
6.200000e+01	6.300000e+01	4.188969e+01	2.850233e+00	2.850233e+00
6.300000e+01	6.400000e+01	3.820495e+01	2.721990e+00	2.721990e+00
6.400000e+01	6.500000e+01	4.460477e+01	2.941151e+00	2.941151e+00
6.500000e+01	6.600000e+01	4.770771e+01	3.041732e+00	3.041732e+00
6.600000e+01	6.700000e+01	4.945311e+01	3.096874e+00	3.096874e+00
6.700000e+01	6.800000e+01	5.895587e+01	3.381350e+00	3.381350e+00
6.800000e+01	6.900000e+01	6.011947e+01	3.414557e+00	3.414557e+00
6.900000e+01	7.000000e+01	6.186487e+01	3.463768e+00	3.463768e+00
7.000000e+01	7.100000e+01	5.624079e+01	3.302573e+00	3.302573e+00
7.100000e+01	7.200000e+01	6.496781e+01	3.549570e+00	3.549570e+00
7.200000e+01	7.300000e+01	6.535568e+01	3.560150e+00	3.560150e+00
7.300000e+01	7.400000e+01	6.089520e+01	3.436516e+00	3.436516e+00
7.400000e+01	7.500000e+01	6.205881e+01	3.469193e+00	3.469193e+00
7.500000e+01	7.600000e+01	5.565899e+01	3.285447e+00	3.285447e+00
7.600000e+01	7.700000e+01	5.468932e+01	3.256702e+00	3.256702e+00
7.700000e+01	7.800000e+01	5.430146e+01	3.245133e+00	3.245133e+00
7.800000e+01	7.900000e+01	4.208363e+01	2.856823e+00	2.856823e+00
7.900000e+01	8.000000e+01	4.596230e+01	2.985572e+00	2.985572e+00
8.000000e+01	8.100000e+01	3.490808e+01	2.601895e+00	2.601895e+00
8.100000e+01	8.200000e+01	3.917462e+01	2.756317e+00	2.756317e+00
8.200000e+01	8.300000e+01	3.180514e+01	2.483564e+00	2.483564e+00
8.300000e+01	8.400000e+01	2.928400e+01	2.383098e+00	2.383098e+00
8.400000e+01	8.500000e+01	2.695679e+01	2.286445e+00	2.286445e+00
8.500000e+01	8.600000e+01	2.327205e+01	2.124438e+00	2.124438e+00
8.600000e+01	8.700000e+01	1.978124e+01	1.958635e+00	1.958635e+00
8.700000e+01	8.800000e+01	1.512683e+01	1.712777e+00	1.712777e+00
8.800000e+01	8.900000e+01	9.890622e+00	1.384964e+00	1.384964e+00
8.900000e+01	9.000000e+01	7.563417e+00	1.211116e+00	1.211116e+00
9.000000e+01	9.100000e+01	2.133271e+00	6.432056e-01	6.432056e-01
9.100000e+01	9.200000e+01	5.818013e-01	3.359031e-01	3.359031e-01
9.200000e+01	9.300000e+01	9.696689e-01	4.336491e-01	4.336491e-01
9.300000e+01	9.400000e+01	7.757351e-01	3.878675e-01	3.878675e-01
9.400000e+01	9.500000e+01	5.818013e-01	3.359031e-01	3.359031e-01
9.500000e+01	9.600000e+01	3.878675e-01	2.742638e-01	2.742638e-01
9.600000e+01	9.700000e+01	0.000000e+00	0.000000e+00	0.000000e+00
9.700000e+01	9.800000e+01	5.818013e-01	3.359031e-01	3.359031e-01
9.800000e+01	9.900000e+01	0.000000e+00	0.000000e+00	0.000000e+00
9.900000e+01	1.000000e+02	3.878675e-01	2.742638e-01	2.742638e-01
1.000000e+02	1.010000e+02	0.000000e+00	0.000000e+00	0.000000e+00
1.010000e+02	1.020000e+02	1.939338e-01	1.939338e-01	1.939338e-01
1.020000e+02	1.030000e+02	0.000000e+00	0.000000e+00	0.000000e+00
1.030000e+02	1.040000e+02	0.000000e+00	0.000000e+00	0.000000e+00
1.040000e+02	1.050000e+02	0.000000e+00	0.000000e+00	0.000000e+00
1.050000e+02	1.060000e+02	0.000000e+00	0.000000e+00	0.000000e+00
1.060000e+02	1.070000e+02	0.000000e+00	0.000000e+00	0.000000e+00
1.070000e+02	1.080000e+02	0.000000e+00	0.000000e+00	0.000000e+00
1.080000e+02	1.090000e+02	0.000000e+00	0.000000e+00	0.000000e+00
1.090000e+02	1.100000e+02	0.000000e+00	0.000000e+00	0.000000e+00
1.100000e+02	1.110000e+02	0.000000e+00	0.000000e+00	0.000000e+00
1.110000e+02	1.120000e+02	0.000000e+00	0.000000e+00	0.000000e+00
1.120000e+02	1.130000e+02	0.000000e+00	0.000000e+00	0.000000e+00
1.130000e+02	1.140000e+02	0.000000e+00	0.000000e+00	0.000000e+00
1.140000e+02	1.150000e+02	0.000000e+00	0.000000e+00	0.000000e+00
1.150000e+02	1.160000e+02	0.000000e+00	0.000000e+00	0.000000e+00
1.160000e+02	1.170000e+02	0.000000e+00	0.000000e+00	0.000000e+00
1.170000e+02	1.180000e+02	0.000000e+00	0.000000e+00	0.000000e+00
1.180000e+02	1.190000e+02	0.000000e+00	0.000000e+00	0.000000e+00
1.190000e+02	1.200000e+02	0.000000e+00	0.000000e+00	0.000000e+00
1.200000e+02	1.210000e+02	0.000000e+00	0.000000e+00	0.000000e+00
1.210000e+02	1.220000e+02	0.000000e+00	0.000000e+00	0.000000e+00
1.220000e+02	1.230000e+02	0.000000e+00	0.000000e+00	0.000000e+00
1.230000e+02	1.240000e+02	0.000000e+00	0.000000e+00	0.000000e+00
1.240000e+02	1.250000e+02	0.000000e+00	0.000000e+00	0.000000e+00
1.250000e+02	1.260000e+02	0.000000e+00	0.000000e+00	0.000000e+00
1.260000e+02	1.270000e+02	0.000000e+00	0.000000e+00	0.000000e+00
1.270000e+02	1.280000e+02	0.000000e+00	0.000000e+00	0.000000e+00
1.280000e+02	1.290000e+02	0.000000e+00	0.000000e+00	0.000000e+00
1.290000e+02	1.300000e+02	0.000000e+00	0.000000e+00	0.000000e+00
1.300000e+02	1.310000e+02	0.000000e+00	0.000000e+00	0.000000e+00
1.310000e+02	1.320000e+02	0.000000e+00	0.000000e+00	0.000000e+00
1.320000e+02	1.330000e+02	0.000000e+00	0.000000e+00	0.000000e+00
1.330000e+02	1.340000e+02	0.000000e+00	0.000000e+00	0.000000e+00
1.340000e+02	1.350000e+02	0.000000e+00	0.000000e+00	0.000000e+00
1.350000e+02	1.360000e+02	0.000000e+00	0.000000e+00	0.000000e+00
1.360000e+02	1.370000e+02	0.000000e+00	0.000000e+00	0.000000e+00
1.370000e+02	1.380000e+02	0.000000e+00	0.000000e+00	0.000000e+00
1.380000e+02	1.390000e+02	0.000000e+00	0.000000e+00	0.000000e+00
1.390000e+02	1.400000e+02	0.000000e+00	0.000000e+00	0.000000e+00
1.400000e+02	1.410000e+02	0.000000e+00	0.000000e+00	0.000000e+00
1.410000e+02	1.420000e+02	0.000000e+00	0.000000e+00	0.000000e+00
1.420000e+02	1.430000e+02	0.000000e+00	0.000000e+00	0.000000e+00
1.430000e+02	1.440000e+02	0.000000e+00	0.000000e+00	0.000000e+00
1.440000e+02	1.450000e+02	0.000000e+00	0.000000e+00	0.000000e+00
1.450000e+02	1.460000e+02	0.000000e+00	0.000000e+00	0.000000e+00
1.460000e+02	1.470000e+02	0.000000e+00	0.000000e+00	0.000000e+00
1.470000e+02	1.480000e+02	0.000000e+00	0.000000e+00	0.000000e+00
1.480000e+02	1.490000e+02	0.000000e+00	0.000000e+00	0.000000e+00
1.490000e+02	1.500000e+02	0.000000e+00	0.000000e+00	0.000000e+00
1.500000e+02	1.510000e+02	0.000000e+00	0.000000e+00	0.000000e+00
1.510000e+02	1.520000e+02	0.000000e+00	0.000000e+00	0.000000e+00
1.520000e+02	1.530000e+02	0.000000e+00	0.000000e+00	0.000000e+00
1.530000e+02	1.540000e+02	0.000000e+00	0.000000e+00	0.000000e+00
1.540000e+02	1.550000e+02	0.000000e+00	0.000000e+00	0.000000e+00
1.550000e+02	1.560000e+02	0.000000e+00	0.000000e+00	0.000000e+00
1.560000e+02	1.570000e+02	0.000000e+00	0.000000e+00	0.000000e+00
1.570000e+02	1.580000e+02	0.000000e+00	0.000000e+00	0.000000e+00
1.580000e+02	1.590000e+02	0.000000e+00	0.000000e+00	0.000000e+00
1.590000e+02	1.600000e+02	0.000000e+00	0.000000e+00	0.000000e+00
1.600000e+02	1.610000e+02	0.000000e+00	0.000000e+00	0.000000e+00
1.610000e+02	1.620000e+02	0.000000e+00	0.000000e+00	0.000000e+00
1.620000e+02	1.630000e+02	0.000000e+00	0.000000e+00	0.000000e+00
1.630000e+02	1.640000e+02	0.000000e+00	0.000000e+00	0.000000e+00
1.640000e+02	1.650000e+02	0.000000e+00	0.000000e+00	0.000000e+00
1.650000e+02	1.660000e+02	0.000000e+00	0.000000e+00	0.000000e+00
1.660000e+02	1.670000e+02	0.000000e+00	0.000000e+00	0.000000e+00
1.670000e+02	1.680000e+02	0.000000e+00	0.000000e+00	0.000000e+00
1.680000e+02	1.690000e+02	0.000000e+00	0.000000e+00	0.000000e+00
1.690000e+02	1.700000e+02	0.000000e+00	0.000000e+00	0.000000e+00
1.700000e+02	1.710000e+02	0.000000e+00	0.000000e+00	0.000000e+00
1.710000e+02	1.720000e+02	0.000000e+00	0.000000e+00	0.000000e+00
1.720000e+02	1.730000e+02	0.000000e+00	0.000000e+00	0.000000e+00
1.730000e+02	1.740000e+02	0.000000e+00	0.000000e+00	0.000000e+00
1.740000e+02	1.750000e+02	0.000000e+00	0.000000e+00	0.000000e+00
# END HISTO1D

