# BEGIN PLOT
LegendOnly=//Users/zhupengxuan/Buding/mRC-variables/Code/Data/bkgww240.yoda/CEPC_SMUON/hist_dR_lm_Recoil
XLabel=${\rm d}R(\ell^-, {\rm Recoil})$
YLabel=Events / 5 GeV
DrawOnly=//Users/zhupengxuan/Buding/mRC-variables/Code/Data/bkgww240.yoda/CEPC_SMUON/hist_dR_lm_Recoil[Weight_MERGING=0.000] //Users/zhupengxuan/Buding/mRC-variables/Code/Data/bkgww240.yoda/CEPC_SMUON/hist_dR_lm_Recoil
RatioPlot=0
Legend=1
LogY=0
# END PLOT

# BEGIN HISTO1D //Users/zhupengxuan/Buding/mRC-variables/Code/Data/bkgww240.yoda/CEPC_SMUON/hist_dR_lm_Recoil[Weight_MERGING=0.000]
ErrorBars=1
LineColor=red!30
LineStyle=solid
Path=//Users/zhupengxuan/Buding/mRC-variables/Code/Data/bkgww240.yoda/CEPC_SMUON/hist_dR_lm_Recoil[Weight_MERGING=0.000]
ScaledBy=1.00000000000000000e+00
Title=bkgww240
# xlow	 xhigh	 val	 errminus	 errplus
0.000000e+00	2.000000e-01	0.000000e+00	0.000000e+00	0.000000e+00
2.000000e-01	4.000000e-01	0.000000e+00	0.000000e+00	0.000000e+00
4.000000e-01	6.000000e-01	8.727020e-04	2.909007e-04	2.909007e-04
6.000000e-01	8.000000e-01	3.878675e-04	1.939338e-04	1.939338e-04
8.000000e-01	1.000000e+00	3.102941e-03	5.485276e-04	5.485276e-04
1.000000e+00	1.200000e+00	9.793655e-03	9.745051e-04	9.745051e-04
1.200000e+00	1.400000e+00	1.696921e-02	1.282751e-03	1.282751e-03
1.400000e+00	1.600000e+00	3.296874e-02	1.787981e-03	1.787981e-03
1.600000e+00	1.800000e+00	4.702894e-02	2.135474e-03	2.135474e-03
1.800000e+00	2.000000e+00	5.905285e-02	2.392942e-03	2.392942e-03
2.000000e+00	2.200000e+00	6.690715e-02	2.547112e-03	2.547112e-03
2.200000e+00	2.400000e+00	8.407030e-02	2.855177e-03	2.855177e-03
2.400000e+00	2.600000e+00	1.065666e-01	3.214566e-03	3.214566e-03
2.600000e+00	2.800000e+00	1.160694e-01	3.354830e-03	3.354830e-03
2.800000e+00	3.000000e+00	1.239237e-01	3.466481e-03	3.466481e-03
3.000000e+00	3.200000e+00	9.580330e-02	3.047908e-03	3.047908e-03
3.200000e+00	3.400000e+00	5.633775e-02	2.337284e-03	2.337284e-03
3.400000e+00	3.600000e+00	3.102940e-02	1.734596e-03	1.734596e-03
3.600000e+00	3.800000e+00	1.949035e-02	1.374743e-03	1.374743e-03
3.800000e+00	4.000000e+00	1.435110e-02	1.179653e-03	1.179653e-03
4.000000e+00	4.200000e+00	6.981615e-03	8.227913e-04	8.227913e-04
4.200000e+00	4.400000e+00	6.302850e-03	7.817720e-04	7.817720e-04
4.400000e+00	4.600000e+00	3.878676e-03	6.132724e-04	6.132724e-04
4.600000e+00	4.800000e+00	1.842371e-03	4.226688e-04	4.226688e-04
4.800000e+00	5.000000e+00	1.260569e-03	3.496191e-04	3.496191e-04
5.000000e+00	5.200000e+00	1.260569e-03	3.496191e-04	3.496191e-04
5.200000e+00	5.400000e+00	4.848344e-04	2.168245e-04	2.168245e-04
5.400000e+00	5.600000e+00	2.909007e-04	1.679516e-04	1.679516e-04
5.600000e+00	5.800000e+00	9.696690e-05	9.696689e-05	9.696689e-05
5.800000e+00	6.000000e+00	1.939337e-04	1.371319e-04	1.371319e-04
6.000000e+00	6.200000e+00	0.000000e+00	0.000000e+00	0.000000e+00
6.200000e+00	6.400000e+00	9.696690e-05	9.696689e-05	9.696689e-05
6.400000e+00	6.600000e+00	0.000000e+00	0.000000e+00	0.000000e+00
6.600000e+00	6.800000e+00	0.000000e+00	0.000000e+00	0.000000e+00
6.800000e+00	7.000000e+00	9.696690e-05	9.696689e-05	9.696689e-05
7.000000e+00	7.200000e+00	0.000000e+00	0.000000e+00	0.000000e+00
7.200000e+00	7.400000e+00	0.000000e+00	0.000000e+00	0.000000e+00
7.400000e+00	7.600000e+00	0.000000e+00	0.000000e+00	0.000000e+00
7.600000e+00	7.800000e+00	0.000000e+00	0.000000e+00	0.000000e+00
7.800000e+00	8.000000e+00	0.000000e+00	0.000000e+00	0.000000e+00
8.000000e+00	8.200000e+00	0.000000e+00	0.000000e+00	0.000000e+00
8.200000e+00	8.400000e+00	0.000000e+00	0.000000e+00	0.000000e+00
8.400000e+00	8.600000e+00	0.000000e+00	0.000000e+00	0.000000e+00
8.600000e+00	8.800000e+00	0.000000e+00	0.000000e+00	0.000000e+00
8.800000e+00	9.000000e+00	0.000000e+00	0.000000e+00	0.000000e+00
9.000000e+00	9.200000e+00	0.000000e+00	0.000000e+00	0.000000e+00
9.200000e+00	9.400000e+00	0.000000e+00	0.000000e+00	0.000000e+00
9.400000e+00	9.600000e+00	0.000000e+00	0.000000e+00	0.000000e+00
9.600000e+00	9.800000e+00	0.000000e+00	0.000000e+00	0.000000e+00
9.800000e+00	1.000000e+01	0.000000e+00	0.000000e+00	0.000000e+00
1.000000e+01	1.020000e+01	0.000000e+00	0.000000e+00	0.000000e+00
1.020000e+01	1.040000e+01	0.000000e+00	0.000000e+00	0.000000e+00
1.040000e+01	1.060000e+01	0.000000e+00	0.000000e+00	0.000000e+00
1.060000e+01	1.080000e+01	0.000000e+00	0.000000e+00	0.000000e+00
1.080000e+01	1.100000e+01	0.000000e+00	0.000000e+00	0.000000e+00
1.100000e+01	1.120000e+01	0.000000e+00	0.000000e+00	0.000000e+00
1.120000e+01	1.140000e+01	0.000000e+00	0.000000e+00	0.000000e+00
1.140000e+01	1.160000e+01	0.000000e+00	0.000000e+00	0.000000e+00
1.160000e+01	1.180000e+01	0.000000e+00	0.000000e+00	0.000000e+00
1.180000e+01	1.200000e+01	0.000000e+00	0.000000e+00	0.000000e+00
1.200000e+01	1.220000e+01	0.000000e+00	0.000000e+00	0.000000e+00
1.220000e+01	1.240000e+01	0.000000e+00	0.000000e+00	0.000000e+00
1.240000e+01	1.260000e+01	0.000000e+00	0.000000e+00	0.000000e+00
1.260000e+01	1.280000e+01	0.000000e+00	0.000000e+00	0.000000e+00
1.280000e+01	1.300000e+01	0.000000e+00	0.000000e+00	0.000000e+00
1.300000e+01	1.320000e+01	0.000000e+00	0.000000e+00	0.000000e+00
1.320000e+01	1.340000e+01	0.000000e+00	0.000000e+00	0.000000e+00
1.340000e+01	1.360000e+01	0.000000e+00	0.000000e+00	0.000000e+00
1.360000e+01	1.380000e+01	0.000000e+00	0.000000e+00	0.000000e+00
1.380000e+01	1.400000e+01	0.000000e+00	0.000000e+00	0.000000e+00
1.400000e+01	1.420000e+01	0.000000e+00	0.000000e+00	0.000000e+00
1.420000e+01	1.440000e+01	0.000000e+00	0.000000e+00	0.000000e+00
1.440000e+01	1.460000e+01	0.000000e+00	0.000000e+00	0.000000e+00
1.460000e+01	1.480000e+01	0.000000e+00	0.000000e+00	0.000000e+00
1.480000e+01	1.500000e+01	0.000000e+00	0.000000e+00	0.000000e+00
1.500000e+01	1.520000e+01	0.000000e+00	0.000000e+00	0.000000e+00
1.520000e+01	1.540000e+01	0.000000e+00	0.000000e+00	0.000000e+00
1.540000e+01	1.560000e+01	0.000000e+00	0.000000e+00	0.000000e+00
1.560000e+01	1.580000e+01	0.000000e+00	0.000000e+00	0.000000e+00
1.580000e+01	1.600000e+01	0.000000e+00	0.000000e+00	0.000000e+00
1.600000e+01	1.620000e+01	0.000000e+00	0.000000e+00	0.000000e+00
1.620000e+01	1.640000e+01	0.000000e+00	0.000000e+00	0.000000e+00
1.640000e+01	1.660000e+01	0.000000e+00	0.000000e+00	0.000000e+00
1.660000e+01	1.680000e+01	0.000000e+00	0.000000e+00	0.000000e+00
1.680000e+01	1.700000e+01	0.000000e+00	0.000000e+00	0.000000e+00
1.700000e+01	1.720000e+01	0.000000e+00	0.000000e+00	0.000000e+00
1.720000e+01	1.740000e+01	0.000000e+00	0.000000e+00	0.000000e+00
1.740000e+01	1.760000e+01	0.000000e+00	0.000000e+00	0.000000e+00
1.760000e+01	1.780000e+01	0.000000e+00	0.000000e+00	0.000000e+00
1.780000e+01	1.800000e+01	0.000000e+00	0.000000e+00	0.000000e+00
1.800000e+01	1.820000e+01	0.000000e+00	0.000000e+00	0.000000e+00
1.820000e+01	1.840000e+01	0.000000e+00	0.000000e+00	0.000000e+00
1.840000e+01	1.860000e+01	0.000000e+00	0.000000e+00	0.000000e+00
1.860000e+01	1.880000e+01	0.000000e+00	0.000000e+00	0.000000e+00
1.880000e+01	1.900000e+01	0.000000e+00	0.000000e+00	0.000000e+00
1.900000e+01	1.920000e+01	0.000000e+00	0.000000e+00	0.000000e+00
1.920000e+01	1.940000e+01	0.000000e+00	0.000000e+00	0.000000e+00
1.940000e+01	1.960000e+01	0.000000e+00	0.000000e+00	0.000000e+00
1.960000e+01	1.980000e+01	0.000000e+00	0.000000e+00	0.000000e+00
1.980000e+01	2.000000e+01	0.000000e+00	0.000000e+00	0.000000e+00
# END HISTO1D


# BEGIN HISTO1D //Users/zhupengxuan/Buding/mRC-variables/Code/Data/bkgww240.yoda/CEPC_SMUON/hist_dR_lm_Recoil
ErrorBars=1
LineColor=red
LineStyle=solid
Path=//Users/zhupengxuan/Buding/mRC-variables/Code/Data/bkgww240.yoda/CEPC_SMUON/hist_dR_lm_Recoil
ScaledBy=1.00000000000000000e+00
Title=bkgww240
# xlow	 xhigh	 val	 errminus	 errplus
0.000000e+00	2.000000e-01	0.000000e+00	0.000000e+00	0.000000e+00
2.000000e-01	4.000000e-01	0.000000e+00	0.000000e+00	0.000000e+00
4.000000e-01	6.000000e-01	8.727020e+00	2.909007e+00	2.909007e+00
6.000000e-01	8.000000e-01	3.878675e+00	1.939338e+00	1.939338e+00
8.000000e-01	1.000000e+00	3.102941e+01	5.485276e+00	5.485276e+00
1.000000e+00	1.200000e+00	9.793655e+01	9.745051e+00	9.745051e+00
1.200000e+00	1.400000e+00	1.696921e+02	1.282751e+01	1.282751e+01
1.400000e+00	1.600000e+00	3.296874e+02	1.787981e+01	1.787981e+01
1.600000e+00	1.800000e+00	4.702894e+02	2.135474e+01	2.135474e+01
1.800000e+00	2.000000e+00	5.905285e+02	2.392942e+01	2.392942e+01
2.000000e+00	2.200000e+00	6.690715e+02	2.547112e+01	2.547112e+01
2.200000e+00	2.400000e+00	8.407030e+02	2.855177e+01	2.855177e+01
2.400000e+00	2.600000e+00	1.065666e+03	3.214566e+01	3.214566e+01
2.600000e+00	2.800000e+00	1.160694e+03	3.354830e+01	3.354830e+01
2.800000e+00	3.000000e+00	1.239237e+03	3.466481e+01	3.466481e+01
3.000000e+00	3.200000e+00	9.580330e+02	3.047908e+01	3.047908e+01
3.200000e+00	3.400000e+00	5.633775e+02	2.337284e+01	2.337284e+01
3.400000e+00	3.600000e+00	3.102940e+02	1.734596e+01	1.734596e+01
3.600000e+00	3.800000e+00	1.949035e+02	1.374743e+01	1.374743e+01
3.800000e+00	4.000000e+00	1.435110e+02	1.179653e+01	1.179653e+01
4.000000e+00	4.200000e+00	6.981615e+01	8.227913e+00	8.227913e+00
4.200000e+00	4.400000e+00	6.302850e+01	7.817720e+00	7.817720e+00
4.400000e+00	4.600000e+00	3.878676e+01	6.132724e+00	6.132724e+00
4.600000e+00	4.800000e+00	1.842371e+01	4.226688e+00	4.226688e+00
4.800000e+00	5.000000e+00	1.260569e+01	3.496191e+00	3.496191e+00
5.000000e+00	5.200000e+00	1.260569e+01	3.496191e+00	3.496191e+00
5.200000e+00	5.400000e+00	4.848344e+00	2.168245e+00	2.168245e+00
5.400000e+00	5.600000e+00	2.909007e+00	1.679516e+00	1.679516e+00
5.600000e+00	5.800000e+00	9.696690e-01	9.696689e-01	9.696689e-01
5.800000e+00	6.000000e+00	1.939337e+00	1.371319e+00	1.371319e+00
6.000000e+00	6.200000e+00	0.000000e+00	0.000000e+00	0.000000e+00
6.200000e+00	6.400000e+00	9.696690e-01	9.696689e-01	9.696689e-01
6.400000e+00	6.600000e+00	0.000000e+00	0.000000e+00	0.000000e+00
6.600000e+00	6.800000e+00	0.000000e+00	0.000000e+00	0.000000e+00
6.800000e+00	7.000000e+00	9.696690e-01	9.696689e-01	9.696689e-01
7.000000e+00	7.200000e+00	0.000000e+00	0.000000e+00	0.000000e+00
7.200000e+00	7.400000e+00	0.000000e+00	0.000000e+00	0.000000e+00
7.400000e+00	7.600000e+00	0.000000e+00	0.000000e+00	0.000000e+00
7.600000e+00	7.800000e+00	0.000000e+00	0.000000e+00	0.000000e+00
7.800000e+00	8.000000e+00	0.000000e+00	0.000000e+00	0.000000e+00
8.000000e+00	8.200000e+00	0.000000e+00	0.000000e+00	0.000000e+00
8.200000e+00	8.400000e+00	0.000000e+00	0.000000e+00	0.000000e+00
8.400000e+00	8.600000e+00	0.000000e+00	0.000000e+00	0.000000e+00
8.600000e+00	8.800000e+00	0.000000e+00	0.000000e+00	0.000000e+00
8.800000e+00	9.000000e+00	0.000000e+00	0.000000e+00	0.000000e+00
9.000000e+00	9.200000e+00	0.000000e+00	0.000000e+00	0.000000e+00
9.200000e+00	9.400000e+00	0.000000e+00	0.000000e+00	0.000000e+00
9.400000e+00	9.600000e+00	0.000000e+00	0.000000e+00	0.000000e+00
9.600000e+00	9.800000e+00	0.000000e+00	0.000000e+00	0.000000e+00
9.800000e+00	1.000000e+01	0.000000e+00	0.000000e+00	0.000000e+00
1.000000e+01	1.020000e+01	0.000000e+00	0.000000e+00	0.000000e+00
1.020000e+01	1.040000e+01	0.000000e+00	0.000000e+00	0.000000e+00
1.040000e+01	1.060000e+01	0.000000e+00	0.000000e+00	0.000000e+00
1.060000e+01	1.080000e+01	0.000000e+00	0.000000e+00	0.000000e+00
1.080000e+01	1.100000e+01	0.000000e+00	0.000000e+00	0.000000e+00
1.100000e+01	1.120000e+01	0.000000e+00	0.000000e+00	0.000000e+00
1.120000e+01	1.140000e+01	0.000000e+00	0.000000e+00	0.000000e+00
1.140000e+01	1.160000e+01	0.000000e+00	0.000000e+00	0.000000e+00
1.160000e+01	1.180000e+01	0.000000e+00	0.000000e+00	0.000000e+00
1.180000e+01	1.200000e+01	0.000000e+00	0.000000e+00	0.000000e+00
1.200000e+01	1.220000e+01	0.000000e+00	0.000000e+00	0.000000e+00
1.220000e+01	1.240000e+01	0.000000e+00	0.000000e+00	0.000000e+00
1.240000e+01	1.260000e+01	0.000000e+00	0.000000e+00	0.000000e+00
1.260000e+01	1.280000e+01	0.000000e+00	0.000000e+00	0.000000e+00
1.280000e+01	1.300000e+01	0.000000e+00	0.000000e+00	0.000000e+00
1.300000e+01	1.320000e+01	0.000000e+00	0.000000e+00	0.000000e+00
1.320000e+01	1.340000e+01	0.000000e+00	0.000000e+00	0.000000e+00
1.340000e+01	1.360000e+01	0.000000e+00	0.000000e+00	0.000000e+00
1.360000e+01	1.380000e+01	0.000000e+00	0.000000e+00	0.000000e+00
1.380000e+01	1.400000e+01	0.000000e+00	0.000000e+00	0.000000e+00
1.400000e+01	1.420000e+01	0.000000e+00	0.000000e+00	0.000000e+00
1.420000e+01	1.440000e+01	0.000000e+00	0.000000e+00	0.000000e+00
1.440000e+01	1.460000e+01	0.000000e+00	0.000000e+00	0.000000e+00
1.460000e+01	1.480000e+01	0.000000e+00	0.000000e+00	0.000000e+00
1.480000e+01	1.500000e+01	0.000000e+00	0.000000e+00	0.000000e+00
1.500000e+01	1.520000e+01	0.000000e+00	0.000000e+00	0.000000e+00
1.520000e+01	1.540000e+01	0.000000e+00	0.000000e+00	0.000000e+00
1.540000e+01	1.560000e+01	0.000000e+00	0.000000e+00	0.000000e+00
1.560000e+01	1.580000e+01	0.000000e+00	0.000000e+00	0.000000e+00
1.580000e+01	1.600000e+01	0.000000e+00	0.000000e+00	0.000000e+00
1.600000e+01	1.620000e+01	0.000000e+00	0.000000e+00	0.000000e+00
1.620000e+01	1.640000e+01	0.000000e+00	0.000000e+00	0.000000e+00
1.640000e+01	1.660000e+01	0.000000e+00	0.000000e+00	0.000000e+00
1.660000e+01	1.680000e+01	0.000000e+00	0.000000e+00	0.000000e+00
1.680000e+01	1.700000e+01	0.000000e+00	0.000000e+00	0.000000e+00
1.700000e+01	1.720000e+01	0.000000e+00	0.000000e+00	0.000000e+00
1.720000e+01	1.740000e+01	0.000000e+00	0.000000e+00	0.000000e+00
1.740000e+01	1.760000e+01	0.000000e+00	0.000000e+00	0.000000e+00
1.760000e+01	1.780000e+01	0.000000e+00	0.000000e+00	0.000000e+00
1.780000e+01	1.800000e+01	0.000000e+00	0.000000e+00	0.000000e+00
1.800000e+01	1.820000e+01	0.000000e+00	0.000000e+00	0.000000e+00
1.820000e+01	1.840000e+01	0.000000e+00	0.000000e+00	0.000000e+00
1.840000e+01	1.860000e+01	0.000000e+00	0.000000e+00	0.000000e+00
1.860000e+01	1.880000e+01	0.000000e+00	0.000000e+00	0.000000e+00
1.880000e+01	1.900000e+01	0.000000e+00	0.000000e+00	0.000000e+00
1.900000e+01	1.920000e+01	0.000000e+00	0.000000e+00	0.000000e+00
1.920000e+01	1.940000e+01	0.000000e+00	0.000000e+00	0.000000e+00
1.940000e+01	1.960000e+01	0.000000e+00	0.000000e+00	0.000000e+00
1.960000e+01	1.980000e+01	0.000000e+00	0.000000e+00	0.000000e+00
1.980000e+01	2.000000e+01	0.000000e+00	0.000000e+00	0.000000e+00
# END HISTO1D

